0  0.00129231
1  0.0025812
2  0.00386667
3  0.00514873
4  0.00642739
5  0.00770266
6  0.00897455
7  0.0102431
8  0.0115082
9  0.01277
10  0.0140285
11  0.0152836
12  0.0165354
13  0.0177839
14  0.019029
15  0.0202709
16  0.0215094
17  0.0227447
18  0.0239767
19  0.0252055
20  0.026431
21  0.0276532
22  0.0288722
23  0.030088
24  0.0313005
25  0.0325098
26  0.0337159
27  0.0349188
28  0.0361186
29  0.0373151
30  0.0385085
31  0.0396987
32  0.0408858
33  0.0420697
34  0.0432504
35  0.0444281
36  0.0456026
37  0.046774
38  0.0479423
39  0.0491075
40  0.0502696
41  0.0514286
42  0.0525845
43  0.0537374
44  0.0548873
45  0.056034
46  0.0571778
47  0.0583185
48  0.0594562
49  0.0605908
50  0.0617225
51  0.0628511
52  0.0639768
53  0.0650995
54  0.0662192
55  0.0673359
56  0.0684497
57  0.0695605
58  0.0706684
59  0.0717733
60  0.0728753
61  0.0739744
62  0.0750706
63  0.0761638
64  0.0772542
65  0.0783416
66  0.0794262
67  0.0805079
68  0.0815868
69  0.0826628
70  0.0837359
71  0.0848062
72  0.0858736
73  0.0869382
74  0.088
75  0.089059
76  0.0901152
77  0.0911686
78  0.0922191
79  0.0932669
80  0.0943119
81  0.0953542
82  0.0963936
83  0.0974304
84  0.0984643
85  0.0994956
86  0.100524
87  0.10155
88  0.102573
89  0.103593
90  0.104611
91  0.105626
92  0.106638
93  0.107648
94  0.108654
95  0.109659
96  0.11066
97  0.111659
98  0.112655
99  0.113649
100  0.11464
101  0.115628
102  0.116614
103  0.117597
104  0.118578
105  0.119555
106  0.120531
107  0.121503
108  0.122474
109  0.123441
110  0.124406
111  0.125369
112  0.126328
113  0.127286
114  0.128241
115  0.129193
116  0.130143
117  0.13109
118  0.132034
119  0.132977
120  0.133916
121  0.134854
122  0.135788
123  0.136721
124  0.13765
125  0.138578
126  0.139503
127  0.140425
128  0.141345
129  0.142262
130  0.143177
131  0.14409
132  0.145
133  0.145908
134  0.146814
135  0.147717
136  0.148617
137  0.149515
138  0.150411
139  0.151305
140  0.152196
141  0.153085
142  0.153971
143  0.154855
144  0.155737
145  0.156616
146  0.157493
147  0.158368
148  0.15924
149  0.16011
150  0.160978
151  0.161843
152  0.162707
153  0.163567
154  0.164426
155  0.165282
156  0.166136
157  0.166988
158  0.167838
159  0.168685
160  0.16953
161  0.170373
162  0.171213
163  0.172051
164  0.172888
165  0.173721
166  0.174553
167  0.175382
168  0.17621
169  0.177035
170  0.177858
171  0.178678
172  0.179497
173  0.180313
174  0.181127
175  0.181939
176  0.182749
177  0.183557
178  0.184362
179  0.185166
180  0.185967
181  0.186766
182  0.187563
183  0.188358
184  0.189151
185  0.189942
186  0.19073
187  0.191517
188  0.192301
189  0.193084
190  0.193864
191  0.194642
192  0.195418
193  0.196193
194  0.196965
195  0.197735
196  0.198503
197  0.199268
198  0.200032
199  0.200794
200  0.201554
201  0.202312
202  0.203068
203  0.203821
204  0.204573
205  0.205323
206  0.206071
207  0.206817
208  0.207561
209  0.208303
210  0.209042
211  0.20978
212  0.210516
213  0.21125
214  0.211983
215  0.212713
216  0.213441
217  0.214167
218  0.214892
219  0.215614
220  0.216334
221  0.217053
222  0.21777
223  0.218485
224  0.219198
225  0.219909
226  0.220618
227  0.221325
228  0.22203
229  0.222734
230  0.223435
231  0.224135
232  0.224833
233  0.225529
234  0.226223
235  0.226916
236  0.227606
237  0.228295
238  0.228982
239  0.229667
240  0.23035
241  0.231032
242  0.231711
243  0.232389
244  0.233065
245  0.233739
246  0.234412
247  0.235082
248  0.235751
249  0.236418
250  0.237084
251  0.237747
252  0.238409
253  0.239071
254  0.239731
255  0.240391
256  0.241049
257  0.241708
258  0.242364
259  0.243021
260  0.243675
261  0.24433
262  0.244983
263  0.245636
264  0.246288
265  0.246939
266  0.247589
267  0.248238
268  0.248886
269  0.249534
270  0.25018
271  0.250826
272  0.25147
273  0.252115
274  0.252757
275  0.2534
276  0.254041
277  0.254682
278  0.255321
279  0.25596
280  0.256598
281  0.257236
282  0.257872
283  0.258507
284  0.259142
285  0.259776
286  0.260408
287  0.26104
288  0.261671
289  0.262302
290  0.262931
291  0.26356
292  0.264188
293  0.264815
294  0.265441
295  0.266067
296  0.266691
297  0.267315
298  0.267937
299  0.26856
300  0.26918
301  0.269801
302  0.27042
303  0.271039
304  0.271657
305  0.272274
306  0.27289
307  0.273506
308  0.27412
309  0.274734
310  0.275347
311  0.275959
312  0.27657
313  0.277181
314  0.27779
315  0.278399
316  0.279007
317  0.279615
318  0.280221
319  0.280827
320  0.281431
321  0.282036
322  0.282639
323  0.283241
324  0.283843
325  0.284444
326  0.285043
327  0.285643
328  0.286241
329  0.286839
330  0.287435
331  0.288031
332  0.288627
333  0.289221
334  0.289815
335  0.290408
336  0.290999
337  0.291591
338  0.292181
339  0.292771
340  0.29336
341  0.293948
342  0.294535
343  0.295122
344  0.295707
345  0.296292
346  0.296877
347  0.29746
348  0.298043
349  0.298625
350  0.299206
351  0.299786
352  0.300365
353  0.300944
354  0.301522
355  0.302099
356  0.302676
357  0.303251
358  0.303826
359  0.304401
360  0.304974
361  0.305546
362  0.306118
363  0.306689
364  0.30726
365  0.307829
366  0.308398
367  0.308966
368  0.309533
369  0.3101
370  0.310666
371  0.311231
372  0.311795
373  0.312358
374  0.312921
375  0.313483
376  0.314045
377  0.314605
378  0.315165
379  0.315724
380  0.316282
381  0.31684
382  0.317396
383  0.317952
384  0.318508
385  0.319062
386  0.319616
387  0.320169
388  0.320722
389  0.321273
390  0.321824
391  0.322374
392  0.322924
393  0.323472
394  0.32402
395  0.324567
396  0.325114
397  0.32566
398  0.326205
399  0.326749
400  0.327293
401  0.327835
402  0.328378
403  0.328919
404  0.32946
405  0.329999
406  0.330539
407  0.331077
408  0.331615
409  0.332152
410  0.332689
411  0.333224
412  0.333759
413  0.334293
414  0.334827
415  0.33536
416  0.335892
417  0.336423
418  0.336954
419  0.337484
420  0.338013
421  0.338542
422  0.33907
423  0.339596
424  0.340123
425  0.340649
426  0.341174
427  0.341698
428  0.342222
429  0.342745
430  0.343267
431  0.343788
432  0.344309
433  0.344829
434  0.345349
435  0.345868
436  0.346386
437  0.346903
438  0.34742
439  0.347936
440  0.348451
441  0.348966
442  0.34948
443  0.349993
444  0.350506
445  0.351017
446  0.351529
447  0.352039
448  0.352549
449  0.353058
450  0.353567
451  0.354074
452  0.354582
453  0.355088
454  0.355594
455  0.356099
456  0.356604
457  0.357107
458  0.357611
459  0.358113
460  0.358615
461  0.359115
462  0.359616
463  0.360116
464  0.360615
465  0.361113
466  0.361611
467  0.362108
468  0.362605
469  0.3631
470  0.363596
471  0.36409
472  0.364584
473  0.365077
474  0.365569
475  0.366061
476  0.366552
477  0.367043
478  0.367533
479  0.368022
480  0.36851
481  0.368998
482  0.369486
483  0.369972
484  0.370458
485  0.370943
486  0.371428
487  0.371912
488  0.372395
489  0.372878
490  0.37336
491  0.373841
492  0.374322
493  0.374802
494  0.375282
495  0.375761
496  0.376239
497  0.376716
498  0.377194
499  0.37767
500  0.378145
501  0.37862
502  0.379095
503  0.379568
504  0.380042
505  0.380514
506  0.380986
507  0.381457
508  0.381928
509  0.382398
510  0.382867
511  0.383336
512  0.383804
513  0.384272
514  0.384739
515  0.385205
516  0.385671
517  0.386135
518  0.3866
519  0.387063
520  0.387527
521  0.387989
522  0.388451
523  0.388912
524  0.389373
525  0.389833
526  0.390293
527  0.390751
528  0.39121
529  0.391667
530  0.392124
531  0.392581
532  0.393037
533  0.393492
534  0.393946
535  0.3944
536  0.394854
537  0.395306
538  0.395759
539  0.39621
540  0.396661
541  0.397111
542  0.397561
543  0.39801
544  0.398459
545  0.398907
546  0.399354
547  0.399801
548  0.400247
549  0.400693
550  0.401138
551  0.401582
552  0.402026
553  0.402469
554  0.402912
555  0.403353
556  0.403795
557  0.404236
558  0.404676
559  0.405116
560  0.405555
561  0.405993
562  0.406431
563  0.406868
564  0.407305
565  0.407741
566  0.408177
567  0.408612
568  0.409046
569  0.40948
570  0.409913
571  0.410346
572  0.410778
573  0.41121
574  0.411641
575  0.412071
576  0.412501
577  0.41293
578  0.413359
579  0.413787
580  0.414214
581  0.414641
582  0.415068
583  0.415493
584  0.415919
585  0.416343
586  0.416767
587  0.417191
588  0.417614
589  0.418036
590  0.418458
591  0.418879
592  0.4193
593  0.41972
594  0.42014
595  0.420559
596  0.420977
597  0.421395
598  0.421813
599  0.422229
600  0.422646
601  0.423061
602  0.423477
603  0.423891
604  0.424305
605  0.424719
606  0.425132
607  0.425544
608  0.425956
609  0.426367
610  0.426778
611  0.427188
612  0.427598
613  0.428007
614  0.428415
615  0.428823
616  0.429231
617  0.429638
618  0.430044
619  0.43045
620  0.430855
621  0.43126
622  0.431664
623  0.432068
624  0.432471
625  0.432873
626  0.433275
627  0.433677
628  0.434078
629  0.434478
630  0.434878
631  0.435278
632  0.435676
633  0.436075
634  0.436473
635  0.43687
636  0.437267
637  0.437663
638  0.438058
639  0.438454
640  0.438848
641  0.439242
642  0.439636
643  0.440029
644  0.440421
645  0.440813
646  0.441205
647  0.441596
648  0.441986
649  0.442376
650  0.442765
651  0.443154
652  0.443543
653  0.44393
654  0.444318
655  0.444705
656  0.445091
657  0.445477
658  0.445862
659  0.446247
660  0.446631
661  0.447014
662  0.447398
663  0.44778
664  0.448162
665  0.448544
666  0.448925
667  0.449306
668  0.449686
669  0.450066
670  0.450445
671  0.450823
672  0.451201
673  0.451579
674  0.451956
675  0.452333
676  0.452709
677  0.453085
678  0.453459
679  0.453834
680  0.454208
681  0.454582
682  0.454955
683  0.455328
684  0.4557
685  0.456071
686  0.456442
687  0.456813
688  0.457183
689  0.457553
690  0.457922
691  0.458291
692  0.458658
693  0.459026
694  0.459393
695  0.45976
696  0.460126
697  0.460492
698  0.460857
699  0.461222
700  0.461586
701  0.46195
702  0.462313
703  0.462676
704  0.463038
705  0.4634
706  0.463761
707  0.464122
708  0.464482
709  0.464843
710  0.465202
711  0.465561
712  0.465919
713  0.466277
714  0.466635
715  0.466992
716  0.467348
717  0.467704
718  0.46806
719  0.468415
720  0.468769
721  0.469124
722  0.469477
723  0.469831
724  0.470183
725  0.470536
726  0.470887
727  0.471239
728  0.47159
729  0.47194
730  0.47229
731  0.47264
732  0.472988
733  0.473337
734  0.473685
735  0.474033
736  0.47438
737  0.474727
738  0.475073
739  0.475419
740  0.475764
741  0.476109
742  0.476453
743  0.476797
744  0.47714
745  0.477483
746  0.477826
747  0.478168
748  0.47851
749  0.478851
750  0.479191
751  0.479532
752  0.479871
753  0.480211
754  0.48055
755  0.480888
756  0.481226
757  0.481564
758  0.481901
759  0.482238
760  0.482574
761  0.48291
762  0.483245
763  0.48358
764  0.483914
765  0.484248
766  0.484581
767  0.484915
768  0.485247
769  0.485579
770  0.485911
771  0.486242
772  0.486573
773  0.486904
774  0.487234
775  0.487563
776  0.487892
777  0.488221
778  0.488549
779  0.488877
780  0.489204
781  0.489531
782  0.489857
783  0.490184
784  0.490509
785  0.490834
786  0.491159
787  0.491483
788  0.491807
789  0.492131
790  0.492454
791  0.492776
792  0.493098
793  0.49342
794  0.493741
795  0.494062
796  0.494382
797  0.494703
798  0.495022
799  0.495341
800  0.49566
801  0.495978
802  0.496296
803  0.496614
804  0.49693
805  0.497247
806  0.497563
807  0.497879
808  0.498194
809  0.498509
810  0.498824
811  0.499138
812  0.499451
813  0.499765
814  0.500077
815  0.50039
816  0.500702
817  0.501013
818  0.501325
819  0.501636
820  0.501947
821  0.502257
822  0.502568
823  0.502878
824  0.503187
825  0.503497
826  0.503806
827  0.504115
828  0.504424
829  0.504732
830  0.50504
831  0.505348
832  0.505655
833  0.505963
834  0.50627
835  0.506576
836  0.506883
837  0.507189
838  0.507495
839  0.5078
840  0.508106
841  0.508411
842  0.508716
843  0.50902
844  0.509324
845  0.509628
846  0.509932
847  0.510236
848  0.510539
849  0.510842
850  0.511144
851  0.511447
852  0.511749
853  0.512051
854  0.512352
855  0.512654
856  0.512954
857  0.513255
858  0.513556
859  0.513856
860  0.514156
861  0.514456
862  0.514755
863  0.515054
864  0.515353
865  0.515652
866  0.51595
867  0.516248
868  0.516546
869  0.516843
870  0.517141
871  0.517438
872  0.517735
873  0.518031
874  0.518327
875  0.518623
876  0.518919
877  0.519214
878  0.51951
879  0.519805
880  0.520099
881  0.520393
882  0.520688
883  0.520981
884  0.521275
885  0.521568
886  0.521861
887  0.522154
888  0.522447
889  0.522739
890  0.523031
891  0.523323
892  0.523614
893  0.523906
894  0.524197
895  0.524487
896  0.524778
897  0.525068
898  0.525358
899  0.525648
900  0.525937
901  0.526226
902  0.526515
903  0.526804
904  0.527092
905  0.527381
906  0.527669
907  0.527956
908  0.528243
909  0.528531
910  0.528817
911  0.529104
912  0.529391
913  0.529676
914  0.529962
915  0.530248
916  0.530533
917  0.530818
918  0.531103
919  0.531388
920  0.531672
921  0.531956
922  0.53224
923  0.532524
924  0.532807
925  0.53309
926  0.533373
927  0.533655
928  0.533938
929  0.53422
930  0.534502
931  0.534783
932  0.535064
933  0.535345
934  0.535626
935  0.535907
936  0.536187
937  0.536467
938  0.536747
939  0.537027
940  0.537306
941  0.537585
942  0.537864
943  0.538142
944  0.53842
945  0.538699
946  0.538976
947  0.539254
948  0.539531
949  0.539808
950  0.540085
951  0.540362
952  0.540638
953  0.540914
954  0.54119
955  0.541465
956  0.541741
957  0.542016
958  0.542291
959  0.542565
960  0.54284
961  0.543114
962  0.543388
963  0.543661
964  0.543935
965  0.544208
966  0.544481
967  0.544753
968  0.545026
969  0.545298
970  0.54557
971  0.545841
972  0.546113
973  0.546384
974  0.546655
975  0.546926
976  0.547196
977  0.547466
978  0.547737
979  0.548006
980  0.548276
981  0.548545
982  0.548814
983  0.549083
984  0.549352
985  0.54962
986  0.549888
987  0.550156
988  0.550423
989  0.550691
990  0.550958
991  0.551225
992  0.551491
993  0.551758
994  0.552024
995  0.55229
996  0.552556
997  0.552821
998  0.553086
999  0.553351
1000  0.553616
1001  0.55388
1002  0.554145
1003  0.554409
1004  0.554672
1005  0.554936
1006  0.555199
1007  0.555462
1008  0.555726
1009  0.555988
1010  0.55625
1011  0.556513
1012  0.556774
1013  0.557036
1014  0.557298
1015  0.557559
1016  0.55782
1017  0.558081
1018  0.558341
1019  0.558601
1020  0.558862
1021  0.559121
1022  0.559381
1023  0.559641
1024  0.559899
1025  0.560158
1026  0.560417
1027  0.560676
1028  0.560934
1029  0.561192
1030  0.561449
1031  0.561707
1032  0.561965
1033  0.562221
1034  0.562478
1035  0.562735
1036  0.562991
1037  0.563247
1038  0.563504
1039  0.563759
1040  0.564015
1041  0.56427
1042  0.564525
1043  0.56478
1044  0.565034
1045  0.565288
1046  0.565543
1047  0.565797
1048  0.56605
1049  0.566304
1050  0.566557
1051  0.56681
1052  0.567063
1053  0.567315
1054  0.567567
1055  0.567819
1056  0.568071
1057  0.568323
1058  0.568574
1059  0.568826
1060  0.569076
1061  0.569327
1062  0.569578
1063  0.569828
1064  0.570078
1065  0.570328
1066  0.570578
1067  0.570827
1068  0.571076
1069  0.571325
1070  0.571574
1071  0.571822
1072  0.572071
1073  0.572319
1074  0.572567
1075  0.572814
1076  0.573062
1077  0.573309
1078  0.573556
1079  0.573802
1080  0.574049
1081  0.574295
1082  0.574541
1083  0.574787
1084  0.575033
1085  0.575278
1086  0.575524
1087  0.575769
1088  0.576013
1089  0.576258
1090  0.576502
1091  0.576746
1092  0.57699
1093  0.577234
1094  0.577477
1095  0.577721
1096  0.577964
1097  0.578206
1098  0.578449
1099  0.578691
1100  0.578934
1101  0.579176
1102  0.579417
1103  0.579659
1104  0.5799
1105  0.580141
1106  0.580382
1107  0.580623
1108  0.580863
1109  0.581103
1110  0.581344
1111  0.581583
1112  0.581823
1113  0.582062
1114  0.582301
1115  0.58254
1116  0.582779
1117  0.583018
1118  0.583256
1119  0.583494
1120  0.583732
1121  0.58397
1122  0.584207
1123  0.584444
1124  0.584681
1125  0.584918
1126  0.585155
1127  0.585391
1128  0.585627
1129  0.585863
1130  0.586099
1131  0.586335
1132  0.58657
1133  0.586805
1134  0.58704
1135  0.587275
1136  0.587509
1137  0.587744
1138  0.587978
1139  0.588212
1140  0.588445
1141  0.588679
1142  0.588912
1143  0.589145
1144  0.589378
1145  0.589611
1146  0.589843
1147  0.590075
1148  0.590307
1149  0.590539
1150  0.590771
1151  0.591002
1152  0.591233
1153  0.591464
1154  0.591695
1155  0.591926
1156  0.592156
1157  0.592386
1158  0.592616
1159  0.592846
1160  0.593076
1161  0.593305
1162  0.593534
1163  0.593763
1164  0.593992
1165  0.59422
1166  0.594449
1167  0.594677
1168  0.594905
1169  0.595132
1170  0.59536
1171  0.595587
1172  0.595814
1173  0.596041
1174  0.596268
1175  0.596494
1176  0.596721
1177  0.596947
1178  0.597173
1179  0.597399
1180  0.597624
1181  0.597849
1182  0.598074
1183  0.598299
1184  0.598524
1185  0.598749
1186  0.598973
1187  0.599197
1188  0.599421
1189  0.599644
1190  0.599868
1191  0.600091
1192  0.600314
1193  0.600537
1194  0.60076
1195  0.600982
1196  0.601205
1197  0.601427
1198  0.601649
1199  0.60187
1200  0.602092
1201  0.602313
1202  0.602534
1203  0.602755
1204  0.602976
1205  0.603197
1206  0.603417
1207  0.603637
1208  0.603857
1209  0.604077
1210  0.604296
1211  0.604516
1212  0.604735
1213  0.604954
1214  0.605172
1215  0.605391
1216  0.60561
1217  0.605828
1218  0.606046
1219  0.606263
1220  0.606481
1221  0.606698
1222  0.606916
1223  0.607133
1224  0.607349
1225  0.607566
1226  0.607782
1227  0.607999
1228  0.608215
1229  0.608431
1230  0.608646
1231  0.608862
1232  0.609077
1233  0.609292
1234  0.609507
1235  0.609722
1236  0.609936
1237  0.610151
1238  0.610365
1239  0.610579
1240  0.610793
1241  0.611006
1242  0.611219
1243  0.611433
1244  0.611646
1245  0.611858
1246  0.612071
1247  0.612283
1248  0.612496
1249  0.612708
1250  0.612919
1251  0.613131
1252  0.613343
1253  0.613554
1254  0.613765
1255  0.613976
1256  0.614187
1257  0.614397
1258  0.614608
1259  0.614818
1260  0.615028
1261  0.615238
1262  0.615447
1263  0.615657
1264  0.615866
1265  0.616075
1266  0.616284
1267  0.616492
1268  0.616701
1269  0.616909
1270  0.617117
1271  0.617325
1272  0.617533
1273  0.617741
1274  0.617948
1275  0.618155
1276  0.618362
1277  0.618569
1278  0.618775
1279  0.618982
1280  0.619188
1281  0.619394
1282  0.6196
1283  0.619806
1284  0.620011
1285  0.620217
1286  0.620422
1287  0.620627
1288  0.620832
1289  0.621036
1290  0.621241
1291  0.621445
1292  0.621649
1293  0.621853
1294  0.622057
1295  0.62226
1296  0.622463
1297  0.622667
1298  0.62287
1299  0.623072
1300  0.623275
1301  0.623477
1302  0.62368
1303  0.623882
1304  0.624084
1305  0.624285
1306  0.624487
1307  0.624688
1308  0.624889
1309  0.625091
1310  0.625291
1311  0.625492
1312  0.625692
1313  0.625893
1314  0.626093
1315  0.626293
1316  0.626492
1317  0.626692
1318  0.626891
1319  0.627091
1320  0.62729
1321  0.627489
1322  0.627687
1323  0.627886
1324  0.628084
1325  0.628282
1326  0.62848
1327  0.628678
1328  0.628876
1329  0.629073
1330  0.62927
1331  0.629467
1332  0.629664
1333  0.629861
1334  0.630058
1335  0.630254
1336  0.63045
1337  0.630646
1338  0.630842
1339  0.631038
1340  0.631233
1341  0.631429
1342  0.631624
1343  0.631819
1344  0.632014
1345  0.632208
1346  0.632403
1347  0.632597
1348  0.632791
1349  0.632985
1350  0.633179
1351  0.633373
1352  0.633566
1353  0.633759
1354  0.633952
1355  0.634145
1356  0.634338
1357  0.634531
1358  0.634723
1359  0.634915
1360  0.635107
1361  0.635299
1362  0.635491
1363  0.635683
1364  0.635874
1365  0.636065
1366  0.636256
1367  0.636447
1368  0.636638
1369  0.636828
1370  0.637019
1371  0.637209
1372  0.637399
1373  0.637589
1374  0.637778
1375  0.637968
1376  0.638157
1377  0.638346
1378  0.638535
1379  0.638724
1380  0.638913
1381  0.639101
1382  0.63929
1383  0.639478
1384  0.639666
1385  0.639854
1386  0.640041
1387  0.640229
1388  0.640416
1389  0.640603
1390  0.64079
1391  0.640977
1392  0.641164
1393  0.64135
1394  0.641537
1395  0.641723
1396  0.641909
1397  0.642095
1398  0.64228
1399  0.642466
1400  0.642651
1401  0.642836
1402  0.643021
1403  0.643206
1404  0.643391
1405  0.643575
1406  0.64376
1407  0.643944
1408  0.644128
1409  0.644312
1410  0.644495
1411  0.644679
1412  0.644862
1413  0.645045
1414  0.645229
1415  0.645411
1416  0.645594
1417  0.645777
1418  0.645959
1419  0.646141
1420  0.646323
1421  0.646505
1422  0.646687
1423  0.646869
1424  0.64705
1425  0.647231
1426  0.647412
1427  0.647593
1428  0.647774
1429  0.647955
1430  0.648135
1431  0.648315
1432  0.648495
1433  0.648675
1434  0.648855
1435  0.649035
1436  0.649214
1437  0.649393
1438  0.649573
1439  0.649752
1440  0.64993
1441  0.650109
1442  0.650288
1443  0.650466
1444  0.650644
1445  0.650822
1446  0.651
1447  0.651178
1448  0.651355
1449  0.651533
1450  0.65171
1451  0.651887
1452  0.652064
1453  0.652241
1454  0.652418
1455  0.652594
1456  0.65277
1457  0.652946
1458  0.653122
1459  0.653298
1460  0.653474
1461  0.65365
1462  0.653825
1463  0.654
1464  0.654175
1465  0.65435
1466  0.654525
1467  0.654699
1468  0.654874
1469  0.655048
1470  0.655222
1471  0.655396
1472  0.65557
1473  0.655744
1474  0.655917
1475  0.65609
1476  0.656264
1477  0.656437
1478  0.65661
1479  0.656782
1480  0.656955
1481  0.657127
1482  0.6573
1483  0.657472
1484  0.657644
1485  0.657815
1486  0.657987
1487  0.658159
1488  0.65833
1489  0.658501
1490  0.658672
1491  0.658843
1492  0.659014
1493  0.659184
1494  0.659355
1495  0.659525
1496  0.659695
1497  0.659865
1498  0.660035
1499  0.660205
1500  0.660374
1501  0.660544
1502  0.660713
1503  0.660882
1504  0.661051
1505  0.66122
1506  0.661388
1507  0.661557
1508  0.661725
1509  0.661893
1510  0.662061
1511  0.662229
1512  0.662397
1513  0.662564
1514  0.662732
1515  0.662899
1516  0.663066
1517  0.663233
1518  0.6634
1519  0.663567
1520  0.663733
1521  0.663899
1522  0.664066
1523  0.664232
1524  0.664398
1525  0.664563
1526  0.664729
1527  0.664895
1528  0.66506
1529  0.665225
1530  0.66539
1531  0.665555
1532  0.66572
1533  0.665884
1534  0.666049
1535  0.666213
1536  0.666377
1537  0.666541
1538  0.666705
1539  0.666869
1540  0.667033
1541  0.667196
1542  0.667359
1543  0.667522
1544  0.667685
1545  0.667848
1546  0.668011
1547  0.668173
1548  0.668336
1549  0.668498
1550  0.66866
1551  0.668822
1552  0.668984
1553  0.669146
1554  0.669307
1555  0.669469
1556  0.66963
1557  0.669791
1558  0.669952
1559  0.670113
1560  0.670274
1561  0.670434
1562  0.670595
1563  0.670755
1564  0.670915
1565  0.671075
1566  0.671235
1567  0.671394
1568  0.671554
1569  0.671713
1570  0.671873
1571  0.672032
1572  0.672191
1573  0.672349
1574  0.672508
1575  0.672667
1576  0.672825
1577  0.672983
1578  0.673141
1579  0.6733
1580  0.673457
1581  0.673615
1582  0.673773
1583  0.67393
1584  0.674087
1585  0.674244
1586  0.674401
1587  0.674558
1588  0.674715
1589  0.674872
1590  0.675028
1591  0.675184
1592  0.675341
1593  0.675496
1594  0.675652
1595  0.675808
1596  0.675964
1597  0.676119
1598  0.676275
1599  0.67643
1600  0.676585
1601  0.67674
1602  0.676894
1603  0.677049
1604  0.677204
1605  0.677358
1606  0.677512
1607  0.677666
1608  0.67782
1609  0.677974
1610  0.678128
1611  0.678281
1612  0.678435
1613  0.678588
1614  0.678741
1615  0.678894
1616  0.679047
1617  0.6792
1618  0.679352
1619  0.679505
1620  0.679657
1621  0.679809
1622  0.679961
1623  0.680113
1624  0.680265
1625  0.680416
1626  0.680568
1627  0.680719
1628  0.68087
1629  0.681021
1630  0.681172
1631  0.681323
1632  0.681474
1633  0.681625
1634  0.681775
1635  0.681925
1636  0.682075
1637  0.682225
1638  0.682375
1639  0.682525
1640  0.682675
1641  0.682824
1642  0.682973
1643  0.683123
1644  0.683272
1645  0.683421
1646  0.68357
1647  0.683718
1648  0.683867
1649  0.684015
1650  0.684163
1651  0.684312
1652  0.68446
1653  0.684607
1654  0.684755
1655  0.684903
1656  0.68505
1657  0.685198
1658  0.685345
1659  0.685492
1660  0.685639
1661  0.685786
1662  0.685932
1663  0.686079
1664  0.686226
1665  0.686372
1666  0.686518
1667  0.686664
1668  0.68681
1669  0.686956
1670  0.687101
1671  0.687247
1672  0.687392
1673  0.687538
1674  0.687683
1675  0.687828
1676  0.687973
1677  0.688117
1678  0.688262
1679  0.688406
1680  0.688551
1681  0.688695
1682  0.688839
1683  0.688983
1684  0.689127
1685  0.689271
1686  0.689414
1687  0.689558
1688  0.689701
1689  0.689844
1690  0.689987
1691  0.69013
1692  0.690273
1693  0.690416
1694  0.690558
1695  0.690701
1696  0.690843
1697  0.690985
1698  0.691127
1699  0.691269
1700  0.691411
1701  0.691553
1702  0.691695
1703  0.691836
1704  0.691978
1705  0.692119
1706  0.692261
1707  0.692402
1708  0.692543
1709  0.692684
1710  0.692825
1711  0.692966
1712  0.693107
1713  0.693247
1714  0.693388
1715  0.693528
1716  0.693669
1717  0.693809
1718  0.693949
1719  0.694089
1720  0.694229
1721  0.694369
1722  0.694509
1723  0.694649
1724  0.694788
1725  0.694928
1726  0.695067
1727  0.695207
1728  0.695346
1729  0.695485
1730  0.695624
1731  0.695763
1732  0.695902
1733  0.696041
1734  0.69618
1735  0.696318
1736  0.696457
1737  0.696595
1738  0.696733
1739  0.696872
1740  0.69701
1741  0.697148
1742  0.697286
1743  0.697424
1744  0.697562
1745  0.697699
1746  0.697837
1747  0.697974
1748  0.698112
1749  0.698249
1750  0.698386
1751  0.698523
1752  0.69866
1753  0.698798
1754  0.698934
1755  0.699071
1756  0.699208
1757  0.699344
1758  0.699481
1759  0.699617
1760  0.699754
1761  0.69989
1762  0.700026
1763  0.700162
1764  0.700298
1765  0.700434
1766  0.700569
1767  0.700705
1768  0.700841
1769  0.700976
1770  0.701112
1771  0.701247
1772  0.701382
1773  0.701517
1774  0.701652
1775  0.701787
1776  0.701922
1777  0.702057
1778  0.702192
1779  0.702326
1780  0.702461
1781  0.702595
1782  0.702729
1783  0.702864
1784  0.702998
1785  0.703132
1786  0.703266
1787  0.7034
1788  0.703534
1789  0.703667
1790  0.703801
1791  0.703934
1792  0.704068
1793  0.704201
1794  0.704334
1795  0.704468
1796  0.704601
1797  0.704734
1798  0.704866
1799  0.704999
1800  0.705132
1801  0.705265
1802  0.705397
1803  0.70553
1804  0.705662
1805  0.705794
1806  0.705926
1807  0.706059
1808  0.706191
1809  0.706323
1810  0.706454
1811  0.706586
1812  0.706718
1813  0.706849
1814  0.706981
1815  0.707112
1816  0.707243
1817  0.707375
1818  0.707506
1819  0.707637
1820  0.707768
1821  0.707899
1822  0.708029
1823  0.70816
1824  0.708291
1825  0.708421
1826  0.708552
1827  0.708682
1828  0.708812
1829  0.708943
1830  0.709073
1831  0.709202
1832  0.709332
1833  0.709462
1834  0.709592
1835  0.709722
1836  0.709851
1837  0.709981
1838  0.71011
1839  0.710239
1840  0.710369
1841  0.710498
1842  0.710627
1843  0.710756
1844  0.710885
1845  0.711013
1846  0.711142
1847  0.711271
1848  0.711399
1849  0.711528
1850  0.711656
1851  0.711784
1852  0.711912
1853  0.712041
1854  0.712169
1855  0.712296
1856  0.712424
1857  0.712552
1858  0.71268
1859  0.712807
1860  0.712935
1861  0.713062
1862  0.71319
1863  0.713317
1864  0.713444
1865  0.713571
1866  0.713698
1867  0.713825
1868  0.713952
1869  0.714078
1870  0.714205
1871  0.714332
1872  0.714458
1873  0.714585
1874  0.714711
1875  0.714837
1876  0.714963
1877  0.715089
1878  0.715215
1879  0.715341
1880  0.715467
1881  0.715593
1882  0.715718
1883  0.715844
1884  0.715969
1885  0.716095
1886  0.71622
1887  0.716345
1888  0.71647
1889  0.716595
1890  0.71672
1891  0.716845
1892  0.71697
1893  0.717095
1894  0.717219
1895  0.717344
1896  0.717468
1897  0.717593
1898  0.717717
1899  0.717841
1900  0.717965
1901  0.718089
1902  0.718213
1903  0.718337
1904  0.718461
1905  0.718585
1906  0.718708
1907  0.718832
1908  0.718955
1909  0.719079
1910  0.719202
1911  0.719325
1912  0.719448
1913  0.719572
1914  0.719695
1915  0.719817
1916  0.71994
1917  0.720063
1918  0.720186
1919  0.720308
1920  0.720431
1921  0.720553
1922  0.720675
1923  0.720798
1924  0.72092
1925  0.721042
1926  0.721164
1927  0.721286
1928  0.721408
1929  0.721529
1930  0.721651
1931  0.721773
1932  0.721894
1933  0.722016
1934  0.722137
1935  0.722258
1936  0.722379
1937  0.7225
1938  0.722621
1939  0.722742
1940  0.722863
1941  0.722984
1942  0.723105
1943  0.723225
1944  0.723346
1945  0.723466
1946  0.723587
1947  0.723707
1948  0.723827
1949  0.723947
1950  0.724067
1951  0.724187
1952  0.724307
1953  0.724427
1954  0.724547
1955  0.724666
1956  0.724786
1957  0.724905
1958  0.725025
1959  0.725144
1960  0.725263
1961  0.725383
1962  0.725502
1963  0.725621
1964  0.72574
1965  0.725858
1966  0.725977
1967  0.726096
1968  0.726214
1969  0.726333
1970  0.726452
1971  0.72657
1972  0.726688
1973  0.726806
1974  0.726925
1975  0.727043
1976  0.727161
1977  0.727278
1978  0.727396
1979  0.727514
1980  0.727632
1981  0.727749
1982  0.727867
1983  0.727984
1984  0.728102
1985  0.728219
1986  0.728336
1987  0.728453
1988  0.72857
1989  0.728687
1990  0.728804
1991  0.728921
1992  0.729038
1993  0.729154
1994  0.729271
1995  0.729387
1996  0.729504
1997  0.72962
1998  0.729736
1999  0.729852
2000  0.729969
2001  0.730085
2002  0.730201
2003  0.730316
2004  0.730432
2005  0.730548
2006  0.730664
2007  0.730779
2008  0.730895
2009  0.73101
2010  0.731125
2011  0.731241
2012  0.731356
2013  0.731471
2014  0.731586
2015  0.731701
2016  0.731816
2017  0.73193
2018  0.732045
2019  0.73216
2020  0.732274
2021  0.732389
2022  0.732503
2023  0.732618
2024  0.732732
2025  0.732846
2026  0.73296
2027  0.733074
2028  0.733188
2029  0.733302
2030  0.733416
2031  0.733529
2032  0.733643
2033  0.733757
2034  0.73387
2035  0.733984
2036  0.734097
2037  0.73421
2038  0.734323
2039  0.734436
2040  0.734549
2041  0.734662
2042  0.734775
2043  0.734888
2044  0.735001
2045  0.735113
2046  0.735226
2047  0.735339
2048  0.735451
2049  0.735563
2050  0.735676
2051  0.735788
2052  0.7359
2053  0.736012
2054  0.736124
2055  0.736236
2056  0.736348
2057  0.736459
2058  0.736571
2059  0.736683
2060  0.736794
2061  0.736906
2062  0.737017
2063  0.737129
2064  0.73724
2065  0.737351
2066  0.737462
2067  0.737573
2068  0.737684
2069  0.737795
2070  0.737906
2071  0.738016
2072  0.738127
2073  0.738237
2074  0.738348
2075  0.738458
2076  0.738569
2077  0.738679
2078  0.738789
2079  0.738899
2080  0.739009
2081  0.739119
2082  0.739229
2083  0.739339
2084  0.739449
2085  0.739559
2086  0.739668
2087  0.739778
2088  0.739887
2089  0.739997
2090  0.740106
2091  0.740215
2092  0.740324
2093  0.740433
2094  0.740542
2095  0.740651
2096  0.74076
2097  0.740869
2098  0.740978
2099  0.741086
2100  0.741195
2101  0.741304
2102  0.741412
2103  0.74152
2104  0.741629
2105  0.741737
2106  0.741845
2107  0.741953
2108  0.742061
2109  0.742169
2110  0.742277
2111  0.742385
2112  0.742492
2113  0.7426
2114  0.742708
2115  0.742815
2116  0.742923
2117  0.74303
2118  0.743137
2119  0.743244
2120  0.743352
2121  0.743459
2122  0.743566
2123  0.743673
2124  0.743779
2125  0.743886
2126  0.743993
2127  0.7441
2128  0.744206
2129  0.744313
2130  0.744419
2131  0.744525
2132  0.744632
2133  0.744738
2134  0.744844
2135  0.74495
2136  0.745056
2137  0.745162
2138  0.745268
2139  0.745374
2140  0.745479
2141  0.745585
2142  0.745691
2143  0.745796
2144  0.745902
2145  0.746007
2146  0.746112
2147  0.746218
2148  0.746323
2149  0.746428
2150  0.746533
2151  0.746638
2152  0.746743
2153  0.746847
2154  0.746952
2155  0.747057
2156  0.747161
2157  0.747266
2158  0.74737
2159  0.747475
2160  0.747579
2161  0.747683
2162  0.747787
2163  0.747892
2164  0.747996
2165  0.7481
2166  0.748203
2167  0.748307
2168  0.748411
2169  0.748515
2170  0.748618
2171  0.748722
2172  0.748825
2173  0.748929
2174  0.749032
2175  0.749135
2176  0.749239
2177  0.749342
2178  0.749445
2179  0.749548
2180  0.749651
2181  0.749754
2182  0.749856
2183  0.749959
2184  0.750062
2185  0.750164
2186  0.750267
2187  0.750369
2188  0.750472
2189  0.750574
2190  0.750676
2191  0.750778
2192  0.75088
2193  0.750982
2194  0.751084
2195  0.751186
2196  0.751288
2197  0.75139
2198  0.751492
2199  0.751593
2200  0.751695
2201  0.751796
2202  0.751898
2203  0.751999
2204  0.7521
2205  0.752202
2206  0.752303
2207  0.752404
2208  0.752505
2209  0.752606
2210  0.752707
2211  0.752807
2212  0.752908
2213  0.753009
2214  0.75311
2215  0.75321
2216  0.753311
2217  0.753411
2218  0.753511
2219  0.753612
2220  0.753712
2221  0.753812
2222  0.753912
2223  0.754012
2224  0.754112
2225  0.754212
2226  0.754312
2227  0.754411
2228  0.754511
2229  0.754611
2230  0.75471
2231  0.75481
2232  0.754909
2233  0.755008
2234  0.755108
2235  0.755207
2236  0.755306
2237  0.755405
2238  0.755504
2239  0.755603
2240  0.755702
2241  0.755801
2242  0.755899
2243  0.755998
2244  0.756097
2245  0.756195
2246  0.756294
2247  0.756392
2248  0.75649
2249  0.756589
2250  0.756687
2251  0.756785
2252  0.756883
2253  0.756981
2254  0.757079
2255  0.757177
2256  0.757275
2257  0.757373
2258  0.75747
2259  0.757568
2260  0.757665
2261  0.757763
2262  0.75786
2263  0.757958
2264  0.758055
2265  0.758152
2266  0.758249
2267  0.758346
2268  0.758444
2269  0.75854
2270  0.758637
2271  0.758734
2272  0.758831
2273  0.758928
2274  0.759024
2275  0.759121
2276  0.759217
2277  0.759314
2278  0.75941
2279  0.759507
2280  0.759603
2281  0.759699
2282  0.759795
2283  0.759891
2284  0.759987
2285  0.760083
2286  0.760179
2287  0.760275
2288  0.760371
2289  0.760466
2290  0.760562
2291  0.760657
2292  0.760753
2293  0.760848
2294  0.760944
2295  0.761039
2296  0.761134
2297  0.761229
2298  0.761324
2299  0.76142
2300  0.761515
2301  0.761609
2302  0.761704
2303  0.761799
2304  0.761894
2305  0.761988
2306  0.762083
2307  0.762178
2308  0.762272
2309  0.762366
2310  0.762461
2311  0.762555
2312  0.762649
2313  0.762743
2314  0.762837
2315  0.762932
2316  0.763026
2317  0.763119
2318  0.763213
2319  0.763307
2320  0.763401
2321  0.763494
2322  0.763588
2323  0.763681
2324  0.763775
2325  0.763868
2326  0.763962
2327  0.764055
2328  0.764148
2329  0.764241
2330  0.764334
2331  0.764427
2332  0.76452
2333  0.764613
2334  0.764706
2335  0.764799
2336  0.764892
2337  0.764984
2338  0.765077
2339  0.765169
2340  0.765262
2341  0.765354
2342  0.765447
2343  0.765539
2344  0.765631
2345  0.765723
2346  0.765815
2347  0.765907
2348  0.765999
2349  0.766091
2350  0.766183
2351  0.766275
2352  0.766367
2353  0.766458
2354  0.76655
2355  0.766641
2356  0.766733
2357  0.766824
2358  0.766916
2359  0.767007
2360  0.767098
2361  0.767189
2362  0.76728
2363  0.767372
2364  0.767463
2365  0.767553
2366  0.767644
2367  0.767735
2368  0.767826
2369  0.767917
2370  0.768007
2371  0.768098
2372  0.768188
2373  0.768279
2374  0.768369
2375  0.768459
2376  0.76855
2377  0.76864
2378  0.76873
2379  0.76882
2380  0.76891
2381  0.769
2382  0.76909
2383  0.76918
2384  0.76927
2385  0.769359
2386  0.769449
2387  0.769539
2388  0.769628
2389  0.769718
2390  0.769807
2391  0.769896
2392  0.769986
2393  0.770075
2394  0.770164
2395  0.770253
2396  0.770342
2397  0.770431
2398  0.77052
2399  0.770609
2400  0.770698
2401  0.770787
2402  0.770875
2403  0.770964
2404  0.771053
2405  0.771141
2406  0.77123
2407  0.771318
2408  0.771406
2409  0.771495
2410  0.771583
2411  0.771671
2412  0.771759
2413  0.771847
2414  0.771935
2415  0.772023
2416  0.772111
2417  0.772199
2418  0.772286
2419  0.772374
2420  0.772462
2421  0.772549
2422  0.772637
2423  0.772724
2424  0.772812
2425  0.772899
2426  0.772986
2427  0.773074
2428  0.773161
2429  0.773248
2430  0.773335
2431  0.773422
2432  0.773509
2433  0.773596
2434  0.773683
2435  0.773769
2436  0.773856
2437  0.773943
2438  0.774029
2439  0.774116
2440  0.774202
2441  0.774289
2442  0.774375
2443  0.774461
2444  0.774548
2445  0.774634
2446  0.77472
2447  0.774806
2448  0.774892
2449  0.774978
2450  0.775064
2451  0.77515
2452  0.775236
2453  0.775321
2454  0.775407
2455  0.775492
2456  0.775578
2457  0.775664
2458  0.775749
2459  0.775834
2460  0.77592
2461  0.776005
2462  0.77609
2463  0.776175
2464  0.77626
2465  0.776345
2466  0.77643
2467  0.776515
2468  0.7766
2469  0.776685
2470  0.77677
2471  0.776854
2472  0.776939
2473  0.777024
2474  0.777108
2475  0.777193
2476  0.777277
2477  0.777361
2478  0.777446
2479  0.77753
2480  0.777614
2481  0.777698
2482  0.777782
2483  0.777866
2484  0.77795
2485  0.778034
2486  0.778118
2487  0.778202
2488  0.778286
2489  0.778369
2490  0.778453
2491  0.778536
2492  0.77862
2493  0.778703
2494  0.778787
2495  0.77887
2496  0.778953
2497  0.779037
2498  0.77912
2499  0.779203
2500  0.779286
2501  0.779369
2502  0.779452
2503  0.779535
2504  0.779618
2505  0.779701
2506  0.779783
2507  0.779866
2508  0.779949
2509  0.780031
2510  0.780114
2511  0.780196
2512  0.780278
2513  0.780361
2514  0.780443
2515  0.780525
2516  0.780608
2517  0.78069
2518  0.780772
2519  0.780854
2520  0.780936
2521  0.781018
2522  0.781099
2523  0.781181
2524  0.781263
2525  0.781345
2526  0.781426
2527  0.781508
2528  0.781589
2529  0.781671
2530  0.781752
2531  0.781834
2532  0.781915
2533  0.781996
2534  0.782077
2535  0.782159
2536  0.78224
2537  0.782321
2538  0.782402
2539  0.782483
2540  0.782563
2541  0.782644
2542  0.782725
2543  0.782806
2544  0.782886
2545  0.782967
2546  0.783047
2547  0.783128
2548  0.783208
2549  0.783289
2550  0.783369
2551  0.783449
2552  0.78353
2553  0.78361
2554  0.78369
2555  0.78377
2556  0.78385
2557  0.78393
2558  0.78401
2559  0.78409
2560  0.784169
2561  0.784249
2562  0.784329
2563  0.784408
2564  0.784488
2565  0.784568
2566  0.784647
2567  0.784726
2568  0.784806
2569  0.784885
2570  0.784964
2571  0.785044
2572  0.785123
2573  0.785202
2574  0.785281
2575  0.78536
2576  0.785439
2577  0.785518
2578  0.785597
2579  0.785675
2580  0.785754
2581  0.785833
2582  0.785911
2583  0.78599
2584  0.786068
2585  0.786147
2586  0.786225
2587  0.786304
2588  0.786382
2589  0.78646
2590  0.786538
2591  0.786617
2592  0.786695
2593  0.786773
2594  0.786851
2595  0.786929
2596  0.787007
2597  0.787084
2598  0.787162
2599  0.78724
2600  0.787318
2601  0.787395
2602  0.787473
2603  0.78755
2604  0.787628
2605  0.787705
2606  0.787783
2607  0.78786
2608  0.787937
2609  0.788014
2610  0.788092
2611  0.788169
2612  0.788246
2613  0.788323
2614  0.7884
2615  0.788477
2616  0.788553
2617  0.78863
2618  0.788707
2619  0.788784
2620  0.78886
2621  0.788937
2622  0.789013
2623  0.78909
2624  0.789166
2625  0.789243
2626  0.789319
2627  0.789395
2628  0.789472
2629  0.789548
2630  0.789624
2631  0.7897
2632  0.789776
2633  0.789852
2634  0.789928
2635  0.790004
2636  0.79008
2637  0.790155
2638  0.790231
2639  0.790307
2640  0.790382
2641  0.790458
2642  0.790534
2643  0.790609
2644  0.790684
2645  0.79076
2646  0.790835
2647  0.79091
2648  0.790986
2649  0.791061
2650  0.791136
2651  0.791211
2652  0.791286
2653  0.791361
2654  0.791436
2655  0.791511
2656  0.791586
2657  0.79166
2658  0.791735
2659  0.79181
2660  0.791884
2661  0.791959
2662  0.792033
2663  0.792108
2664  0.792182
2665  0.792257
2666  0.792331
2667  0.792405
2668  0.792479
2669  0.792554
2670  0.792628
2671  0.792702
2672  0.792776
2673  0.79285
2674  0.792924
2675  0.792998
2676  0.793071
2677  0.793145
2678  0.793219
2679  0.793293
2680  0.793366
2681  0.79344
2682  0.793513
2683  0.793587
2684  0.79366
2685  0.793734
2686  0.793807
2687  0.79388
2688  0.793953
2689  0.794027
2690  0.7941
2691  0.794173
2692  0.794246
2693  0.794319
2694  0.794392
2695  0.794465
2696  0.794537
2697  0.79461
2698  0.794683
2699  0.794756
2700  0.794828
2701  0.794901
2702  0.794973
2703  0.795046
2704  0.795118
2705  0.795191
2706  0.795263
2707  0.795335
2708  0.795408
2709  0.79548
2710  0.795552
2711  0.795624
2712  0.795696
2713  0.795768
2714  0.79584
2715  0.795912
2716  0.795984
2717  0.796056
2718  0.796128
2719  0.796199
2720  0.796271
2721  0.796343
2722  0.796414
2723  0.796486
2724  0.796557
2725  0.796629
2726  0.7967
2727  0.796771
2728  0.796843
2729  0.796914
2730  0.796985
2731  0.797056
2732  0.797127
2733  0.797198
2734  0.797269
2735  0.79734
2736  0.797411
2737  0.797482
2738  0.797553
2739  0.797624
2740  0.797694
2741  0.797765
2742  0.797836
2743  0.797906
2744  0.797977
2745  0.798047
2746  0.798118
2747  0.798188
2748  0.798258
2749  0.798329
2750  0.798399
2751  0.798469
2752  0.798539
2753  0.798609
2754  0.798679
2755  0.798749
2756  0.798819
2757  0.798889
2758  0.798959
2759  0.799029
2760  0.799099
2761  0.799168
2762  0.799238
2763  0.799308
2764  0.799377
2765  0.799447
2766  0.799516
2767  0.799586
2768  0.799655
2769  0.799725
2770  0.799794
2771  0.799863
2772  0.799932
2773  0.800002
2774  0.800071
2775  0.80014
2776  0.800209
2777  0.800278
2778  0.800347
2779  0.800416
2780  0.800484
2781  0.800553
2782  0.800622
2783  0.800691
2784  0.800759
2785  0.800828
2786  0.800897
2787  0.800965
2788  0.801034
2789  0.801102
2790  0.80117
2791  0.801239
2792  0.801307
2793  0.801375
2794  0.801443
2795  0.801512
2796  0.80158
2797  0.801648
2798  0.801716
2799  0.801784
2800  0.801852
2801  0.80192
2802  0.801987
2803  0.802055
2804  0.802123
2805  0.802191
2806  0.802258
2807  0.802326
2808  0.802393
2809  0.802461
2810  0.802528
2811  0.802596
2812  0.802663
2813  0.802731
2814  0.802798
2815  0.802865
2816  0.802932
2817  0.803
2818  0.803067
2819  0.803134
2820  0.803201
2821  0.803268
2822  0.803335
2823  0.803402
2824  0.803468
2825  0.803535
2826  0.803602
2827  0.803669
2828  0.803735
2829  0.803802
2830  0.803869
2831  0.803935
2832  0.804002
2833  0.804068
2834  0.804135
2835  0.804201
2836  0.804267
2837  0.804334
2838  0.8044
2839  0.804466
2840  0.804533
2841  0.804599
2842  0.804665
2843  0.804731
2844  0.804797
2845  0.804863
2846  0.804929
2847  0.804995
2848  0.805061
2849  0.805127
2850  0.805193
2851  0.805259
2852  0.805325
2853  0.805391
2854  0.805457
2855  0.805522
2856  0.805588
2857  0.805654
2858  0.805719
2859  0.805785
2860  0.80585
2861  0.805916
2862  0.805981
2863  0.806047
2864  0.806112
2865  0.806178
2866  0.806243
2867  0.806308
2868  0.806374
2869  0.806439
2870  0.806504
2871  0.806569
2872  0.806634
2873  0.806699
2874  0.806764
2875  0.806829
2876  0.806894
2877  0.806959
2878  0.807024
2879  0.807089
2880  0.807154
2881  0.807219
2882  0.807284
2883  0.807348
2884  0.807413
2885  0.807478
2886  0.807542
2887  0.807607
2888  0.807672
2889  0.807736
2890  0.807801
2891  0.807865
2892  0.80793
2893  0.807994
2894  0.808058
2895  0.808123
2896  0.808187
2897  0.808251
2898  0.808316
2899  0.80838
2900  0.808444
2901  0.808508
2902  0.808572
2903  0.808636
2904  0.8087
2905  0.808764
2906  0.808828
2907  0.808892
2908  0.808956
2909  0.80902
2910  0.809084
2911  0.809148
2912  0.809211
2913  0.809275
2914  0.809339
2915  0.809402
2916  0.809466
2917  0.80953
2918  0.809593
2919  0.809657
2920  0.80972
2921  0.809784
2922  0.809847
2923  0.80991
2924  0.809974
2925  0.810037
2926  0.8101
2927  0.810164
2928  0.810227
2929  0.81029
2930  0.810353
2931  0.810416
2932  0.810479
2933  0.810542
2934  0.810605
2935  0.810668
2936  0.810731
2937  0.810794
2938  0.810857
2939  0.81092
2940  0.810983
2941  0.811046
2942  0.811108
2943  0.811171
2944  0.811234
2945  0.811296
2946  0.811359
2947  0.811421
2948  0.811484
2949  0.811547
2950  0.811609
2951  0.811671
2952  0.811734
2953  0.811796
2954  0.811859
2955  0.811921
2956  0.811983
2957  0.812045
2958  0.812108
2959  0.81217
2960  0.812232
2961  0.812294
2962  0.812356
2963  0.812418
2964  0.81248
2965  0.812542
2966  0.812604
2967  0.812666
2968  0.812728
2969  0.81279
2970  0.812852
2971  0.812913
2972  0.812975
2973  0.813037
2974  0.813098
2975  0.81316
2976  0.813222
2977  0.813283
2978  0.813345
2979  0.813406
2980  0.813468
2981  0.813529
2982  0.813591
2983  0.813652
2984  0.813713
2985  0.813775
2986  0.813836
2987  0.813897
2988  0.813959
2989  0.81402
2990  0.814081
2991  0.814142
2992  0.814203
2993  0.814264
2994  0.814325
2995  0.814386
2996  0.814447
2997  0.814508
2998  0.814569
2999  0.81463
3000  0.814691
3001  0.814752
3002  0.814812
3003  0.814873
3004  0.814934
3005  0.814994
3006  0.815055
3007  0.815116
3008  0.815176
3009  0.815237
3010  0.815297
3011  0.815358
3012  0.815418
3013  0.815479
3014  0.815539
3015  0.815599
3016  0.81566
3017  0.81572
3018  0.81578
3019  0.81584
3020  0.815901
3021  0.815961
3022  0.816021
3023  0.816081
3024  0.816141
3025  0.816201
3026  0.816261
3027  0.816321
3028  0.816381
3029  0.816441
3030  0.816501
3031  0.81656
3032  0.81662
3033  0.81668
3034  0.81674
3035  0.816799
3036  0.816859
3037  0.816919
3038  0.816978
3039  0.817038
3040  0.817098
3041  0.817157
3042  0.817217
3043  0.817276
3044  0.817335
3045  0.817395
3046  0.817454
3047  0.817513
3048  0.817573
3049  0.817632
3050  0.817691
3051  0.81775
3052  0.81781
3053  0.817869
3054  0.817928
3055  0.817987
3056  0.818046
3057  0.818105
3058  0.818164
3059  0.818223
3060  0.818282
3061  0.818341
3062  0.8184
3063  0.818458
3064  0.818517
3065  0.818576
3066  0.818635
3067  0.818693
3068  0.818752
3069  0.818811
3070  0.818869
3071  0.818928
3072  0.818986
3073  0.819045
3074  0.819103
3075  0.819162
3076  0.81922
3077  0.819279
3078  0.819337
3079  0.819395
3080  0.819454
3081  0.819512
3082  0.81957
3083  0.819628
3084  0.819686
3085  0.819745
3086  0.819803
3087  0.819861
3088  0.819919
3089  0.819977
3090  0.820035
3091  0.820093
3092  0.820151
3093  0.820208
3094  0.820266
3095  0.820324
3096  0.820382
3097  0.82044
3098  0.820497
3099  0.820555
3100  0.820613
3101  0.82067
3102  0.820728
3103  0.820786
3104  0.820843
3105  0.820901
3106  0.820958
3107  0.821016
3108  0.821073
3109  0.82113
3110  0.821188
3111  0.821245
3112  0.821302
3113  0.82136
3114  0.821417
3115  0.821474
3116  0.821531
3117  0.821589
3118  0.821646
3119  0.821703
3120  0.82176
3121  0.821817
3122  0.821874
3123  0.821931
3124  0.821988
3125  0.822045
3126  0.822102
3127  0.822158
3128  0.822215
3129  0.822272
3130  0.822329
3131  0.822385
3132  0.822442
3133  0.822499
3134  0.822555
3135  0.822612
3136  0.822669
3137  0.822725
3138  0.822782
3139  0.822838
3140  0.822895
3141  0.822951
3142  0.823007
3143  0.823064
3144  0.82312
3145  0.823176
3146  0.823233
3147  0.823289
3148  0.823345
3149  0.823401
3150  0.823457
3151  0.823514
3152  0.82357
3153  0.823626
3154  0.823682
3155  0.823738
3156  0.823794
3157  0.82385
3158  0.823906
3159  0.823961
3160  0.824017
3161  0.824073
3162  0.824129
3163  0.824185
3164  0.82424
3165  0.824296
3166  0.824352
3167  0.824408
3168  0.824463
3169  0.824519
3170  0.824574
3171  0.82463
3172  0.824685
3173  0.824741
3174  0.824796
3175  0.824852
3176  0.824907
3177  0.824962
3178  0.825018
3179  0.825073
3180  0.825128
3181  0.825183
3182  0.825239
3183  0.825294
3184  0.825349
3185  0.825404
3186  0.825459
3187  0.825514
3188  0.825569
3189  0.825624
3190  0.825679
3191  0.825734
3192  0.825789
3193  0.825844
3194  0.825899
3195  0.825954
3196  0.826008
3197  0.826063
3198  0.826118
3199  0.826173
3200  0.826227
3201  0.826282
3202  0.826337
3203  0.826391
3204  0.826446
3205  0.8265
3206  0.826555
3207  0.826609
3208  0.826664
3209  0.826718
3210  0.826772
3211  0.826827
3212  0.826881
3213  0.826935
3214  0.82699
3215  0.827044
3216  0.827098
3217  0.827152
3218  0.827206
3219  0.82726
3220  0.827315
3221  0.827369
3222  0.827423
3223  0.827477
3224  0.827531
3225  0.827585
3226  0.827639
3227  0.827692
3228  0.827746
3229  0.8278
3230  0.827854
3231  0.827908
3232  0.827961
3233  0.828015
3234  0.828069
3235  0.828123
3236  0.828176
3237  0.82823
3238  0.828283
3239  0.828337
3240  0.82839
3241  0.828444
3242  0.828497
3243  0.828551
3244  0.828604
3245  0.828658
3246  0.828711
3247  0.828764
3248  0.828818
3249  0.828871
3250  0.828924
3251  0.828977
3252  0.82903
3253  0.829084
3254  0.829137
3255  0.82919
3256  0.829243
3257  0.829296
3258  0.829349
3259  0.829402
3260  0.829455
3261  0.829508
3262  0.829561
3263  0.829614
3264  0.829666
3265  0.829719
3266  0.829772
3267  0.829825
3268  0.829877
3269  0.82993
3270  0.829983
3271  0.830035
3272  0.830088
3273  0.830141
3274  0.830193
3275  0.830246
3276  0.830298
3277  0.830351
3278  0.830403
3279  0.830456
3280  0.830508
3281  0.83056
3282  0.830613
3283  0.830665
3284  0.830717
3285  0.830769
3286  0.830822
3287  0.830874
3288  0.830926
3289  0.830978
3290  0.83103
3291  0.831082
3292  0.831134
3293  0.831186
3294  0.831238
3295  0.83129
3296  0.831342
3297  0.831394
3298  0.831446
3299  0.831498
3300  0.83155
3301  0.831602
3302  0.831653
3303  0.831705
3304  0.831757
3305  0.831809
3306  0.83186
3307  0.831912
3308  0.831964
3309  0.832015
3310  0.832067
3311  0.832118
3312  0.83217
3313  0.832221
3314  0.832273
3315  0.832324
3316  0.832375
3317  0.832427
3318  0.832478
3319  0.832529
3320  0.832581
3321  0.832632
3322  0.832683
3323  0.832734
3324  0.832786
3325  0.832837
3326  0.832888
3327  0.832939
3328  0.83299
3329  0.833041
3330  0.833092
3331  0.833143
3332  0.833194
3333  0.833245
3334  0.833296
3335  0.833347
3336  0.833397
3337  0.833448
3338  0.833499
3339  0.83355
3340  0.833601
3341  0.833651
3342  0.833702
3343  0.833753
3344  0.833803
3345  0.833854
3346  0.833904
3347  0.833955
3348  0.834006
3349  0.834056
3350  0.834106
3351  0.834157
3352  0.834207
3353  0.834258
3354  0.834308
3355  0.834358
3356  0.834409
3357  0.834459
3358  0.834509
3359  0.834559
3360  0.83461
3361  0.83466
3362  0.83471
3363  0.83476
3364  0.83481
3365  0.83486
3366  0.83491
3367  0.83496
3368  0.83501
3369  0.83506
3370  0.83511
3371  0.83516
3372  0.83521
3373  0.83526
3374  0.83531
3375  0.835359
3376  0.835409
3377  0.835459
3378  0.835509
3379  0.835558
3380  0.835608
3381  0.835658
3382  0.835707
3383  0.835757
3384  0.835806
3385  0.835856
3386  0.835905
3387  0.835955
3388  0.836004
3389  0.836054
3390  0.836103
3391  0.836153
3392  0.836202
3393  0.836251
3394  0.836301
3395  0.83635
3396  0.836399
3397  0.836448
3398  0.836497
3399  0.836547
3400  0.836596
3401  0.836645
3402  0.836694
3403  0.836743
3404  0.836792
3405  0.836841
3406  0.83689
3407  0.836939
3408  0.836988
3409  0.837037
3410  0.837086
3411  0.837135
3412  0.837183
3413  0.837232
3414  0.837281
3415  0.83733
3416  0.837378
3417  0.837427
3418  0.837476
3419  0.837524
3420  0.837573
3421  0.837622
3422  0.83767
3423  0.837719
3424  0.837767
3425  0.837816
3426  0.837864
3427  0.837913
3428  0.837961
3429  0.838009
3430  0.838058
3431  0.838106
3432  0.838154
3433  0.838203
3434  0.838251
3435  0.838299
3436  0.838347
3437  0.838396
3438  0.838444
3439  0.838492
3440  0.83854
3441  0.838588
3442  0.838636
3443  0.838684
3444  0.838732
3445  0.83878
3446  0.838828
3447  0.838876
3448  0.838924
3449  0.838972
3450  0.839019
3451  0.839067
3452  0.839115
3453  0.839163
3454  0.839211
3455  0.839258
3456  0.839306
3457  0.839354
3458  0.839401
3459  0.839449
3460  0.839496
3461  0.839544
3462  0.839592
3463  0.839639
3464  0.839687
3465  0.839734
3466  0.839781
3467  0.839829
3468  0.839876
3469  0.839924
3470  0.839971
3471  0.840018
3472  0.840066
3473  0.840113
3474  0.84016
3475  0.840207
3476  0.840254
3477  0.840302
3478  0.840349
3479  0.840396
3480  0.840443
3481  0.84049
3482  0.840537
3483  0.840584
3484  0.840631
3485  0.840678
3486  0.840725
3487  0.840772
3488  0.840819
3489  0.840865
3490  0.840912
3491  0.840959
3492  0.841006
3493  0.841053
3494  0.841099
3495  0.841146
3496  0.841193
3497  0.841239
3498  0.841286
3499  0.841333
3500  0.841379
3501  0.841426
3502  0.841472
3503  0.841519
3504  0.841565
3505  0.841612
3506  0.841658
3507  0.841705
3508  0.841751
3509  0.841797
3510  0.841844
3511  0.84189
3512  0.841936
3513  0.841983
3514  0.842029
3515  0.842075
3516  0.842121
3517  0.842167
3518  0.842213
3519  0.84226
3520  0.842306
3521  0.842352
3522  0.842398
3523  0.842444
3524  0.84249
3525  0.842536
3526  0.842582
3527  0.842628
3528  0.842673
3529  0.842719
3530  0.842765
3531  0.842811
3532  0.842857
3533  0.842903
3534  0.842948
3535  0.842994
3536  0.84304
3537  0.843085
3538  0.843131
3539  0.843177
3540  0.843222
3541  0.843268
3542  0.843313
3543  0.843359
3544  0.843404
3545  0.84345
3546  0.843495
3547  0.843541
3548  0.843586
3549  0.843631
3550  0.843677
3551  0.843722
3552  0.843767
3553  0.843813
3554  0.843858
3555  0.843903
3556  0.843948
3557  0.843994
3558  0.844039
3559  0.844084
3560  0.844129
3561  0.844174
3562  0.844219
3563  0.844264
3564  0.844309
3565  0.844354
3566  0.844399
3567  0.844444
3568  0.844489
3569  0.844534
3570  0.844579
3571  0.844624
3572  0.844668
3573  0.844713
3574  0.844758
3575  0.844803
3576  0.844848
3577  0.844892
3578  0.844937
3579  0.844982
3580  0.845026
3581  0.845071
3582  0.845115
3583  0.84516
3584  0.845204
3585  0.845249
3586  0.845293
3587  0.845338
3588  0.845382
3589  0.845427
3590  0.845471
3591  0.845516
3592  0.84556
3593  0.845604
3594  0.845649
3595  0.845693
3596  0.845737
3597  0.845781
3598  0.845825
3599  0.84587
3600  0.845914
3601  0.845958
3602  0.846002
3603  0.846046
3604  0.84609
3605  0.846134
3606  0.846178
3607  0.846222
3608  0.846266
3609  0.84631
3610  0.846354
3611  0.846398
3612  0.846442
3613  0.846486
3614  0.84653
3615  0.846573
3616  0.846617
3617  0.846661
3618  0.846705
3619  0.846748
3620  0.846792
3621  0.846836
3622  0.846879
3623  0.846923
3624  0.846967
3625  0.84701
3626  0.847054
3627  0.847097
3628  0.847141
3629  0.847184
3630  0.847228
3631  0.847271
3632  0.847314
3633  0.847358
3634  0.847401
3635  0.847445
3636  0.847488
3637  0.847531
3638  0.847574
3639  0.847618
3640  0.847661
3641  0.847704
3642  0.847747
3643  0.84779
3644  0.847834
3645  0.847877
3646  0.84792
3647  0.847963
3648  0.848006
3649  0.848049
3650  0.848092
3651  0.848135
3652  0.848178
3653  0.848221
3654  0.848264
3655  0.848306
3656  0.848349
3657  0.848392
3658  0.848435
3659  0.848478
3660  0.84852
3661  0.848563
3662  0.848606
3663  0.848649
3664  0.848691
3665  0.848734
3666  0.848777
3667  0.848819
3668  0.848862
3669  0.848904
3670  0.848947
3671  0.848989
3672  0.849032
3673  0.849074
3674  0.849117
3675  0.849159
3676  0.849202
3677  0.849244
3678  0.849286
3679  0.849329
3680  0.849371
3681  0.849413
3682  0.849455
3683  0.849498
3684  0.84954
3685  0.849582
3686  0.849624
3687  0.849666
3688  0.849709
3689  0.849751
3690  0.849793
3691  0.849835
3692  0.849877
3693  0.849919
3694  0.849961
3695  0.850003
3696  0.850045
3697  0.850087
3698  0.850129
3699  0.85017
3700  0.850212
3701  0.850254
3702  0.850296
3703  0.850338
3704  0.85038
3705  0.850421
3706  0.850463
3707  0.850505
3708  0.850546
3709  0.850588
3710  0.85063
3711  0.850671
3712  0.850713
3713  0.850754
3714  0.850796
3715  0.850837
3716  0.850879
3717  0.85092
3718  0.850962
3719  0.851003
3720  0.851045
3721  0.851086
3722  0.851128
3723  0.851169
3724  0.85121
3725  0.851251
3726  0.851293
3727  0.851334
3728  0.851375
3729  0.851416
3730  0.851458
3731  0.851499
3732  0.85154
3733  0.851581
3734  0.851622
3735  0.851663
3736  0.851704
3737  0.851745
3738  0.851786
3739  0.851827
3740  0.851868
3741  0.851909
3742  0.85195
3743  0.851991
3744  0.852032
3745  0.852073
3746  0.852114
3747  0.852155
3748  0.852195
3749  0.852236
3750  0.852277
3751  0.852318
3752  0.852358
3753  0.852399
3754  0.85244
3755  0.85248
3756  0.852521
3757  0.852562
3758  0.852602
3759  0.852643
3760  0.852683
3761  0.852724
3762  0.852764
3763  0.852805
3764  0.852845
3765  0.852885
3766  0.852926
3767  0.852966
3768  0.853007
3769  0.853047
3770  0.853087
3771  0.853128
3772  0.853168
3773  0.853208
3774  0.853248
3775  0.853289
3776  0.853329
3777  0.853369
3778  0.853409
3779  0.853449
3780  0.853489
3781  0.853529
3782  0.853569
3783  0.853609
3784  0.853649
3785  0.853689
3786  0.853729
3787  0.853769
3788  0.853809
3789  0.853849
3790  0.853889
3791  0.853929
3792  0.853969
3793  0.854009
3794  0.854048
3795  0.854088
3796  0.854128
3797  0.854168
3798  0.854207
3799  0.854247
3800  0.854287
3801  0.854326
3802  0.854366
3803  0.854406
3804  0.854445
3805  0.854485
3806  0.854524
3807  0.854564
3808  0.854603
3809  0.854643
3810  0.854682
3811  0.854722
3812  0.854761
3813  0.854801
3814  0.85484
3815  0.854879
3816  0.854919
3817  0.854958
3818  0.854997
3819  0.855037
3820  0.855076
3821  0.855115
3822  0.855154
3823  0.855194
3824  0.855233
3825  0.855272
3826  0.855311
3827  0.85535
3828  0.855389
3829  0.855428
3830  0.855467
3831  0.855506
3832  0.855545
3833  0.855584
3834  0.855623
3835  0.855662
3836  0.855701
3837  0.85574
3838  0.855779
3839  0.855818
3840  0.855857
3841  0.855895
3842  0.855934
3843  0.855973
3844  0.856012
3845  0.85605
3846  0.856089
3847  0.856128
3848  0.856166
3849  0.856205
3850  0.856244
3851  0.856282
3852  0.856321
3853  0.85636
3854  0.856398
3855  0.856437
3856  0.856475
3857  0.856514
3858  0.856552
3859  0.85659
3860  0.856629
3861  0.856667
3862  0.856706
3863  0.856744
3864  0.856782
3865  0.856821
3866  0.856859
3867  0.856897
3868  0.856936
3869  0.856974
3870  0.857012
3871  0.85705
3872  0.857088
3873  0.857126
3874  0.857165
3875  0.857203
3876  0.857241
3877  0.857279
3878  0.857317
3879  0.857355
3880  0.857393
3881  0.857431
3882  0.857469
3883  0.857507
3884  0.857545
3885  0.857583
3886  0.857621
3887  0.857659
3888  0.857696
3889  0.857734
3890  0.857772
3891  0.85781
3892  0.857848
3893  0.857885
3894  0.857923
3895  0.857961
3896  0.857998
3897  0.858036
3898  0.858074
3899  0.858111
3900  0.858149
3901  0.858187
3902  0.858224
3903  0.858262
3904  0.858299
3905  0.858337
3906  0.858374
3907  0.858412
3908  0.858449
3909  0.858486
3910  0.858524
3911  0.858561
3912  0.858599
3913  0.858636
3914  0.858673
3915  0.858711
3916  0.858748
3917  0.858785
3918  0.858822
3919  0.85886
3920  0.858897
3921  0.858934
3922  0.858971
3923  0.859008
3924  0.859045
3925  0.859083
3926  0.85912
3927  0.859157
3928  0.859194
3929  0.859231
3930  0.859268
3931  0.859305
3932  0.859342
3933  0.859379
3934  0.859416
3935  0.859453
3936  0.859489
3937  0.859526
3938  0.859563
3939  0.8596
3940  0.859637
3941  0.859674
3942  0.85971
3943  0.859747
3944  0.859784
3945  0.859821
3946  0.859857
3947  0.859894
3948  0.859931
3949  0.859967
3950  0.860004
3951  0.86004
3952  0.860077
3953  0.860113
3954  0.86015
3955  0.860187
3956  0.860223
3957  0.860259
3958  0.860296
3959  0.860332
3960  0.860369
3961  0.860405
3962  0.860442
3963  0.860478
3964  0.860514
3965  0.860551
3966  0.860587
3967  0.860623
3968  0.860659
3969  0.860696
3970  0.860732
3971  0.860768
3972  0.860804
3973  0.86084
3974  0.860877
3975  0.860913
3976  0.860949
3977  0.860985
3978  0.861021
3979  0.861057
3980  0.861093
3981  0.861129
3982  0.861165
3983  0.861201
3984  0.861237
3985  0.861273
3986  0.861309
3987  0.861345
3988  0.861381
3989  0.861416
3990  0.861452
3991  0.861488
3992  0.861524
3993  0.86156
3994  0.861595
3995  0.861631
3996  0.861667
3997  0.861703
3998  0.861738
3999  0.861774
4000  0.86181
4001  0.861845
4002  0.861881
4003  0.861916
4004  0.861952
4005  0.861987
4006  0.862023
4007  0.862058
4008  0.862094
4009  0.862129
4010  0.862165
4011  0.8622
4012  0.862236
4013  0.862271
4014  0.862306
4015  0.862342
