0  0.0280632
1  0.0544833
2  0.0793518
3  0.102755
4  0.124776
5  0.145493
6  0.164979
7  0.183306
8  0.200539
9  0.216742
10  0.231985
11  0.247217
12  0.261535
13  0.27584
14  0.289297
15  0.302721
16  0.315367
17  0.327963
18  0.339846
19  0.351664
20  0.36283
21  0.373916
22  0.384406
23  0.394806
24  0.404661
25  0.414417
26  0.423674
27  0.432824
28  0.441519
29  0.450101
30  0.458268
31  0.466316
32  0.473986
33  0.481534
34  0.489055
35  0.496258
36  0.503336
37  0.510388
38  0.517152
39  0.523789
40  0.530401
41  0.536752
42  0.542976
43  0.549174
44  0.555138
45  0.560974
46  0.566785
47  0.572385
48  0.577857
49  0.583304
50  0.588562
51  0.593692
52  0.598798
53  0.603735
54  0.608546
55  0.613332
56  0.617967
57  0.622477
58  0.626963
59  0.631315
60  0.635544
61  0.639749
62  0.643835
63  0.647799
64  0.651741
65  0.655577
66  0.659294
67  0.662989
68  0.66659
69  0.67014
70  0.673625
71  0.677089
72  0.68047
73  0.6838
74  0.687068
75  0.690314
76  0.693489
77  0.696613
78  0.699677
79  0.702719
80  0.7057
81  0.708631
82  0.711504
83  0.714356
84  0.717155
85  0.719905
86  0.722598
87  0.725272
88  0.7279
89  0.73048
90  0.733005
91  0.735511
92  0.737979
93  0.7404
94  0.742768
95  0.745117
96  0.747434
97  0.749705
98  0.751926
99  0.754128
100  0.756305
101  0.758435
102  0.760518
103  0.762583
104  0.764626
105  0.766626
106  0.768579
107  0.770515
108  0.772434
109  0.77431
110  0.776142
111  0.777957
112  0.77976
113  0.78152
114  0.783238
115  0.78494
116  0.786634
117  0.788314
118  0.789966
119  0.791578
120  0.793174
121  0.794765
122  0.796345
123  0.797896
124  0.799408
125  0.800904
126  0.802399
127  0.803886
128  0.805341
129  0.806759
130  0.808163
131  0.809567
132  0.810966
133  0.812332
134  0.813663
135  0.814982
136  0.816299
137  0.817614
138  0.818897
139  0.820146
140  0.821385
141  0.822623
142  0.823858
143  0.825062
144  0.826234
145  0.8274
146  0.828564
147  0.829723
148  0.830853
149  0.831953
150  0.833049
151  0.834145
152  0.835232
153  0.836293
154  0.837326
155  0.838357
156  0.839387
157  0.840407
158  0.841404
159  0.842375
160  0.843344
161  0.844312
162  0.84527
163  0.846206
164  0.84712
165  0.848031
166  0.84894
167  0.849839
168  0.850719
169  0.851579
170  0.852436
171  0.853291
172  0.854145
173  0.854988
174  0.855815
175  0.856626
176  0.857434
177  0.85824
178  0.859042
179  0.859834
180  0.86061
181  0.861375
182  0.862139
183  0.862896
184  0.86365
185  0.864393
186  0.865123
187  0.865846
188  0.866566
189  0.867278
190  0.867986
191  0.868684
192  0.869371
193  0.870055
194  0.870732
195  0.871403
196  0.872068
197  0.872724
198  0.873371
199  0.874016
200  0.874655
201  0.875286
202  0.875911
203  0.876527
204  0.87714
205  0.877746
206  0.878348
207  0.878943
208  0.87953
209  0.88011
210  0.880688
211  0.881259
212  0.881826
213  0.882386
214  0.882938
215  0.883487
216  0.884031
217  0.884568
218  0.885103
219  0.88563
220  0.886149
221  0.886669
222  0.887186
223  0.887697
224  0.888202
225  0.888707
226  0.889204
227  0.889697
228  0.890188
229  0.890677
230  0.891157
231  0.891633
232  0.892109
233  0.892578
234  0.893046
235  0.893512
236  0.893971
237  0.894423
238  0.894872
239  0.89532
240  0.895767
241  0.896208
242  0.896649
243  0.897081
244  0.897507
245  0.897932
246  0.898356
247  0.898778
248  0.899196
249  0.899612
250  0.900018
251  0.900424
252  0.900824
253  0.901224
254  0.901621
255  0.902017
256  0.902409
257  0.902798
258  0.903184
259  0.903567
260  0.903945
261  0.904321
262  0.904697
263  0.905071
264  0.905442
265  0.905812
266  0.90618
267  0.90654
268  0.906897
269  0.907253
270  0.907607
271  0.907961
272  0.908314
273  0.908664
274  0.909013
275  0.909352
276  0.90969
277  0.910028
278  0.910365
279  0.910699
280  0.911032
281  0.911364
282  0.911694
283  0.912016
284  0.912336
285  0.912656
286  0.912974
287  0.913292
288  0.913606
289  0.913919
290  0.91423
291  0.914538
292  0.914845
293  0.915149
294  0.915451
295  0.915753
296  0.916054
297  0.91635
298  0.916645
299  0.916938
300  0.917231
301  0.917523
302  0.917812
303  0.9181
304  0.918385
305  0.918669
306  0.918948
307  0.919227
308  0.919505
309  0.919783
310  0.92006
311  0.920335
312  0.920609
313  0.920878
314  0.921146
315  0.921412
316  0.921676
317  0.921939
318  0.922201
319  0.922463
320  0.922725
321  0.922985
322  0.92324
323  0.923493
324  0.923745
325  0.923997
326  0.924246
327  0.924494
328  0.924742
329  0.924989
330  0.925236
331  0.925478
332  0.925719
333  0.925958
334  0.926196
335  0.926433
336  0.926668
337  0.926902
338  0.927136
339  0.92737
340  0.927599
341  0.927828
342  0.928055
343  0.928281
344  0.928506
345  0.928729
346  0.928952
347  0.929173
348  0.929394
349  0.929615
350  0.929833
351  0.93005
352  0.930266
353  0.930481
354  0.930693
355  0.930905
356  0.931117
357  0.931326
358  0.931535
359  0.931744
360  0.931952
361  0.932157
362  0.932362
363  0.932567
364  0.932769
365  0.93297
366  0.93317
367  0.933369
368  0.933567
369  0.933765
370  0.933961
371  0.934156
372  0.934352
373  0.934546
374  0.934738
375  0.934929
376  0.935118
377  0.935307
378  0.935495
379  0.935681
380  0.935867
381  0.936053
382  0.936239
383  0.936423
384  0.936605
385  0.936787
386  0.936967
387  0.937146
388  0.937323
389  0.9375
390  0.937677
391  0.937854
392  0.938029
393  0.938204
394  0.938377
395  0.93855
396  0.938722
397  0.93889
398  0.939059
399  0.939227
400  0.939395
401  0.939563
402  0.939728
403  0.939894
404  0.940059
405  0.940223
406  0.940387
407  0.940548
408  0.940707
409  0.940867
410  0.941026
411  0.941185
412  0.941342
413  0.9415
414  0.941657
415  0.941813
416  0.94197
417  0.942125
418  0.942278
419  0.94243
420  0.942582
421  0.942732
422  0.942883
423  0.943033
424  0.943182
425  0.943331
426  0.94348
427  0.943628
428  0.943776
429  0.943922
430  0.944067
431  0.94421
432  0.944354
433  0.944496
434  0.944639
435  0.944781
436  0.944922
437  0.945064
438  0.945205
439  0.945345
440  0.945484
441  0.945622
442  0.945758
443  0.945894
444  0.94603
445  0.946165
446  0.9463
447  0.946435
448  0.946569
449  0.946703
450  0.946836
451  0.946968
452  0.947099
453  0.94723
454  0.947359
455  0.947488
456  0.947616
457  0.947744
458  0.947872
459  0.948
460  0.948127
461  0.948254
462  0.948379
463  0.948504
464  0.948628
465  0.948751
466  0.948874
467  0.948996
468  0.949118
469  0.949239
470  0.94936
471  0.949481
472  0.949602
473  0.949721
474  0.949839
475  0.949958
476  0.950075
477  0.950192
478  0.950308
479  0.950425
480  0.950541
481  0.950656
482  0.950771
483  0.950886
484  0.951
485  0.951114
486  0.951227
487  0.951339
488  0.951451
489  0.951563
490  0.951673
491  0.951784
492  0.951895
493  0.952004
494  0.952114
495  0.952223
496  0.952332
497  0.95244
498  0.952547
499  0.952654
500  0.952761
501  0.952867
502  0.952973
503  0.953078
504  0.953183
505  0.953288
506  0.953392
507  0.953495
508  0.953599
509  0.953702
510  0.953805
511  0.953907
512  0.954008
513  0.954109
514  0.95421
515  0.95431
516  0.95441
517  0.95451
518  0.954609
519  0.954708
520  0.954806
521  0.954904
522  0.955002
523  0.955099
524  0.955196
525  0.955292
526  0.955388
527  0.955484
528  0.955579
529  0.955673
530  0.955768
531  0.955862
532  0.955956
533  0.956049
534  0.956142
535  0.956235
536  0.956328
537  0.95642
538  0.956511
539  0.956602
540  0.956693
541  0.956784
542  0.956874
543  0.956964
544  0.957054
545  0.957144
546  0.957233
547  0.957321
548  0.95741
549  0.957498
550  0.957586
551  0.957673
552  0.95776
553  0.957847
554  0.957933
555  0.958019
556  0.958105
557  0.958191
558  0.958276
559  0.958361
560  0.958446
561  0.95853
562  0.958614
563  0.958698
564  0.958781
565  0.958864
566  0.958946
567  0.959028
568  0.959111
569  0.959193
570  0.959275
571  0.959356
572  0.959438
573  0.959518
574  0.959598
575  0.959678
576  0.959758
577  0.959837
578  0.959916
579  0.959995
580  0.960074
581  0.960152
582  0.96023
583  0.960308
584  0.960386
585  0.960464
586  0.960541
587  0.960617
588  0.960694
589  0.960769
590  0.960845
591  0.96092
592  0.960996
593  0.961071
594  0.961146
595  0.96122
596  0.961295
597  0.96137
598  0.961444
599  0.961518
600  0.961591
601  0.961664
602  0.961737
603  0.961809
604  0.961881
605  0.961953
606  0.962025
607  0.962097
608  0.962169
609  0.96224
610  0.962311
611  0.962382
612  0.962453
613  0.962524
614  0.962594
615  0.962663
616  0.962732
617  0.962801
618  0.96287
619  0.962939
620  0.963008
621  0.963076
622  0.963145
623  0.963213
624  0.963282
625  0.963349
626  0.963417
627  0.963484
628  0.963551
629  0.963617
630  0.963683
631  0.963749
632  0.963815
633  0.963881
634  0.963946
635  0.964012
636  0.964077
637  0.964143
638  0.964208
639  0.964272
640  0.964336
641  0.9644
642  0.964464
643  0.964528
644  0.964591
645  0.964654
646  0.964717
647  0.96478
648  0.964843
649  0.964905
650  0.964968
651  0.96503
652  0.965092
653  0.965154
654  0.965215
655  0.965276
656  0.965337
657  0.965397
658  0.965458
659  0.965518
660  0.965579
661  0.965639
662  0.965699
663  0.965759
664  0.965818
665  0.965878
666  0.965937
667  0.965997
668  0.966056
669  0.966114
670  0.966172
671  0.96623
672  0.966288
673  0.966346
674  0.966404
675  0.966462
676  0.96652
677  0.966577
678  0.966634
679  0.966691
680  0.966748
681  0.966805
682  0.966861
683  0.966917
684  0.966973
685  0.967029
686  0.967084
687  0.96714
688  0.967195
689  0.96725
690  0.967306
691  0.967361
692  0.967416
693  0.96747
694  0.967525
695  0.967579
696  0.967633
697  0.967687
698  0.967741
699  0.967794
700  0.967847
701  0.967901
702  0.967954
703  0.968007
704  0.96806
705  0.968112
706  0.968165
707  0.968218
708  0.96827
709  0.968322
710  0.968374
711  0.968425
712  0.968477
713  0.968528
714  0.968579
715  0.96863
716  0.968681
717  0.968732
718  0.968782
719  0.968833
720  0.968884
721  0.968934
722  0.968985
723  0.969034
724  0.969084
725  0.969133
726  0.969183
727  0.969232
728  0.969281
729  0.96933
730  0.969379
731  0.969427
732  0.969476
733  0.969524
734  0.969573
735  0.969621
736  0.969669
737  0.969717
738  0.969766
739  0.969813
740  0.96986
741  0.969908
742  0.969955
743  0.970002
744  0.970049
745  0.970096
746  0.970142
747  0.970189
748  0.970236
749  0.970282
750  0.970328
751  0.970374
752  0.970421
753  0.970467
754  0.970513
755  0.970558
756  0.970603
757  0.970648
758  0.970694
759  0.970738
760  0.970783
761  0.970828
762  0.970873
763  0.970918
764  0.970962
765  0.971007
766  0.971051
767  0.971095
768  0.971139
769  0.971184
770  0.971227
771  0.971271
772  0.971314
773  0.971357
774  0.9714
775  0.971443
776  0.971486
777  0.971529
778  0.971572
779  0.971615
780  0.971658
781  0.9717
782  0.971743
783  0.971785
784  0.971827
785  0.971869
786  0.971911
787  0.971953
788  0.971994
789  0.972035
790  0.972077
791  0.972118
792  0.972159
793  0.9722
794  0.972241
795  0.972282
796  0.972323
797  0.972364
798  0.972404
799  0.972445
800  0.972485
801  0.972526
802  0.972566
803  0.972605
804  0.972645
805  0.972685
806  0.972724
807  0.972763
808  0.972803
809  0.972842
810  0.972882
811  0.972921
812  0.97296
813  0.972999
814  0.973038
815  0.973077
816  0.973116
817  0.973155
818  0.973193
819  0.973231
820  0.973269
821  0.973307
822  0.973345
823  0.973383
824  0.973421
825  0.973458
826  0.973496
827  0.973534
828  0.973571
829  0.973609
830  0.973647
831  0.973684
832  0.973721
833  0.973758
834  0.973795
835  0.973832
836  0.973869
837  0.973905
838  0.973941
839  0.973978
840  0.974014
841  0.97405
842  0.974086
843  0.974122
844  0.974158
845  0.974195
846  0.974231
847  0.974267
848  0.974302
849  0.974338
850  0.974374
851  0.974409
852  0.974444
853  0.974479
854  0.974514
855  0.974549
856  0.974584
857  0.974618
858  0.974653
859  0.974688
860  0.974722
861  0.974757
862  0.974792
863  0.974826
864  0.974861
865  0.974895
866  0.974929
867  0.974963
868  0.974997
869  0.975031
870  0.975064
871  0.975098
872  0.975131
873  0.975164
874  0.975198
875  0.975231
876  0.975264
877  0.975297
878  0.97533
879  0.975363
880  0.975396
881  0.975429
882  0.975462
883  0.975495
884  0.975528
885  0.97556
886  0.975592
887  0.975625
888  0.975657
889  0.975689
890  0.975721
891  0.975753
892  0.975785
893  0.975817
894  0.975849
895  0.97588
896  0.975912
897  0.975944
898  0.975975
899  0.976007
900  0.976038
901  0.97607
902  0.976101
903  0.976132
904  0.976163
905  0.976194
906  0.976225
907  0.976256
908  0.976286
909  0.976317
910  0.976348
911  0.976378
912  0.976409
913  0.976439
914  0.97647
915  0.9765
916  0.97653
917  0.976561
918  0.976591
919  0.976621
920  0.976651
921  0.976681
922  0.97671
923  0.97674
924  0.97677
925  0.976799
926  0.976829
927  0.976858
928  0.976887
929  0.976917
930  0.976946
931  0.976975
932  0.977004
933  0.977033
934  0.977062
935  0.977091
936  0.97712
937  0.977149
938  0.977178
939  0.977206
940  0.977235
941  0.977263
942  0.977292
943  0.97732
944  0.977348
945  0.977376
946  0.977405
947  0.977433
948  0.977461
949  0.977489
950  0.977517
951  0.977545
952  0.977572
953  0.9776
954  0.977628
955  0.977655
956  0.977683
957  0.977711
958  0.977738
959  0.977765
960  0.977792
961  0.97782
962  0.977847
963  0.977874
964  0.977901
965  0.977928
966  0.977955
967  0.977982
968  0.978009
969  0.978035
970  0.978062
971  0.978089
972  0.978115
973  0.978142
974  0.978168
975  0.978195
976  0.978221
977  0.978247
978  0.978274
979  0.9783
980  0.978326
981  0.978352
982  0.978378
983  0.978404
984  0.97843
985  0.978455
986  0.978481
987  0.978507
988  0.978533
989  0.978558
990  0.978584
991  0.978609
992  0.978635
993  0.97866
994  0.978685
995  0.978711
996  0.978736
997  0.978761
998  0.978786
999  0.978811
1000  0.978836
1001  0.978861
1002  0.978886
1003  0.978911
1004  0.978936
1005  0.97896
1006  0.978985
1007  0.97901
1008  0.979034
1009  0.979059
1010  0.979083
1011  0.979108
1012  0.979132
1013  0.979156
1014  0.97918
1015  0.979205
1016  0.979229
1017  0.979253
1018  0.979277
1019  0.979301
1020  0.979325
1021  0.979349
1022  0.979372
1023  0.979396
1024  0.97942
1025  0.979444
1026  0.979467
1027  0.979491
1028  0.979514
1029  0.979538
1030  0.979561
1031  0.979584
1032  0.979608
1033  0.979631
1034  0.979654
1035  0.979678
1036  0.979701
1037  0.979724
1038  0.979747
1039  0.97977
1040  0.979792
1041  0.979815
1042  0.979838
1043  0.979861
1044  0.979884
1045  0.979907
1046  0.979929
1047  0.979952
1048  0.979974
1049  0.979997
1050  0.980019
1051  0.980042
1052  0.980064
1053  0.980086
1054  0.980109
1055  0.980131
1056  0.980153
1057  0.980175
1058  0.980197
1059  0.980219
1060  0.980241
1061  0.980263
1062  0.980285
1063  0.980307
1064  0.980329
1065  0.980351
1066  0.980372
1067  0.980394
1068  0.980416
1069  0.980437
1070  0.980459
1071  0.98048
1072  0.980502
1073  0.980523
1074  0.980544
1075  0.980566
1076  0.980587
1077  0.980608
1078  0.980629
1079  0.980651
1080  0.980672
1081  0.980693
1082  0.980714
1083  0.980735
1084  0.980756
1085  0.980777
1086  0.980798
1087  0.980818
1088  0.980839
1089  0.98086
1090  0.98088
1091  0.980901
1092  0.980922
1093  0.980942
1094  0.980963
1095  0.980983
1096  0.981004
1097  0.981024
1098  0.981044
1099  0.981065
1100  0.981085
1101  0.981105
1102  0.981125
