0	-0.0065	-0.0055	-0.0045	-0.0035	-0.0025	-0.0015	-0.0005	0.0005	0.0015	0.0025	0.0035	0.0045	0.0055	0.0065
-0.06	-5.2447995393e-09	-4.19748174191e-09	-4.43927778322e-09	-5.18448128079e-09	-5.48329600944e-09	-5.26620857852e-09	-4.09564625136e-09	-3.36285427771e-09	-2.60814879392e-09	-3.22488929765e-09	-4.12988259237e-09	-5.63546846208e-09	-5.46793423752e-09	-6.06318137323e-09
-0.0595	-4.8703695393e-09	-3.82305174191e-09	-4.06484778322e-09	-4.81005128079e-09	-5.10886600944e-09	-4.89177857852e-09	-3.72121625136e-09	-2.98842427771e-09	-2.23371879392e-09	-2.85045929765e-09	-3.75545259237e-09	-5.26103846208e-09	-5.09350423752e-09	-5.68875137323e-09
-0.059	-4.5706595393e-09	-3.52334174191e-09	-3.76513778322e-09	-4.51034128079e-09	-4.80915600944e-09	-4.59206857852e-09	-3.42150625136e-09	-2.68871427771e-09	-1.93400879392e-09	-2.55074929765e-09	-3.45574259237e-09	-4.96132846208e-09	-4.79379423752e-09	-5.38904137323e-09
-0.0585	-4.2971695393e-09	-3.24985174191e-09	-3.49164778322e-09	-4.23685128079e-09	-4.53566600944e-09	-4.31857857852e-09	-3.14801625136e-09	-2.41522427771e-09	-1.66051879392e-09	-2.27725929765e-09	-3.18225259237e-09	-4.68783846208e-09	-4.52030423752e-09	-5.11555137323e-09
-0.058	-4.0204295393e-09	-2.97311174191e-09	-3.21490778322e-09	-3.96011128079e-09	-4.25892600944e-09	-4.04183857852e-09	-2.87127625136e-09	-2.13848427771e-09	-1.38377879392e-09	-2.00051929765e-09	-2.90551259237e-09	-4.41109846208e-09	-4.24356423752e-09	-4.83881137323e-09
-0.0575	-3.7374595393e-09	-2.69014174191e-09	-2.93193778322e-09	-3.67714128079e-09	-3.97595600944e-09	-3.75886857852e-09	-2.58830625136e-09	-1.85551427771e-09	-1.10080879392e-09	-1.71754929765e-09	-2.62254259237e-09	-4.12812846208e-09	-3.96059423752e-09	-4.55584137323e-09
-0.057	-3.4427395393e-09	-2.39542174191e-09	-2.63721778322e-09	-3.38242128079e-09	-3.68123600944e-09	-3.46414857852e-09	-2.29358625136e-09	-1.56079427771e-09	-8.06088793921e-10	-1.42282929765e-09	-2.32782259237e-09	-3.83340846208e-09	-3.66587423752e-09	-4.26112137323e-09
-0.0565	-3.1416695393e-09	-2.09435174191e-09	-2.33614778322e-09	-3.08135128079e-09	-3.38016600944e-09	-3.16307857852e-09	-1.99251625136e-09	-1.25972427771e-09	-5.05018793921e-10	-1.12175929765e-09	-2.02675259237e-09	-3.53233846208e-09	-3.36480423752e-09	-3.96005137323e-09
-0.056	-2.8632395393e-09	-1.81592174191e-09	-2.05771778322e-09	-2.80292128079e-09	-3.10173600944e-09	-2.88464857852e-09	-1.71408625136e-09	-9.81294277714e-10	-2.26588793921e-10	-8.43329297655e-10	-1.74832259237e-09	-3.25390846208e-09	-3.08637423752e-09	-3.68162137323e-09
-0.0555	-2.6013795393e-09	-1.55406174191e-09	-1.79585778322e-09	-2.54106128079e-09	-2.83987600944e-09	-2.62278857852e-09	-1.45222625136e-09	-7.19434277714e-10	3.52712060786e-11	-5.81469297655e-10	-1.48646259237e-09	-2.99204846208e-09	-2.82451423752e-09	-3.41976137323e-09
-0.055	-2.3654095393e-09	-1.31809174191e-09	-1.55988778322e-09	-2.30509128079e-09	-2.60390600944e-09	-2.38681857852e-09	-1.21625625136e-09	-4.83464277714e-10	2.71241206079e-10	-3.45499297655e-10	-1.25049259237e-09	-2.75607846208e-09	-2.58854423752e-09	-3.18379137323e-09
-0.0545	-2.1754795393e-09	-1.12816174191e-09	-1.36995778322e-09	-2.11516128079e-09	-2.41397600944e-09	-2.19688857852e-09	-1.02632625136e-09	-2.93534277714e-10	4.61171206079e-10	-1.55569297655e-10	-1.06056259237e-09	-2.56614846208e-09	-2.39861423752e-09	-2.99386137323e-09
-0.054	-1.9921595393e-09	-9.4484174191e-10	-1.18663778322e-09	-1.93184128079e-09	-2.23065600944e-09	-2.01356857852e-09	-8.43006251357e-10	-1.10214277714e-10	6.44491206079e-10	2.77507023452e-11	-8.77242592367e-10	-2.38282846208e-09	-2.21529423752e-09	-2.81054137323e-09
-0.0535	-1.7983695393e-09	-7.5105174191e-10	-9.92847783222e-10	-1.73805128079e-09	-2.03686600944e-09	-1.81977857852e-09	-6.49216251357e-10	8.35757222862e-11	8.38281206079e-10	2.21540702345e-10	-6.83452592367e-10	-2.18903846208e-09	-2.02150423752e-09	-2.61675137323e-09
-0.053	-1.6198515393e-09	-5.7253374191e-10	-8.14329783222e-10	-1.55953328079e-09	-1.85834800944e-09	-1.64126057852e-09	-4.70698251357e-10	2.62093722286e-10	1.01679920608e-09	4.00058702345e-10	-5.04934592367e-10	-2.01052046208e-09	-1.84298623752e-09	-2.43823337323e-09
-0.0525	-1.4509215393e-09	-4.0360374191e-10	-6.45399783222e-10	-1.39060328079e-09	-1.68941800944e-09	-1.47233057852e-09	-3.01768251357e-10	4.31023722286e-10	1.18572920608e-09	5.68988702345e-10	-3.36004592367e-10	-1.84159046208e-09	-1.67405623752e-09	-2.26930337323e-09
-0.052	-1.2906795393e-09	-2.4336174191e-10	-4.85157783222e-10	-1.23036128079e-09	-1.52917600944e-09	-1.31208857852e-09	-1.41526251357e-10	5.91265722286e-10	1.34597120608e-09	7.29230702345e-10	-1.75762592367e-10	-1.68134846208e-09	-1.51381423752e-09	-2.10906137323e-09
-0.0515	-1.1400405393e-09	-9.27227419096e-11	-3.34518783222e-10	-1.07972228079e-09	-1.37853700944e-09	-1.16144957852e-09	9.11274864283e-12	7.41904722286e-10	1.49661020608e-09	8.79869702345e-10	-2.5123592367e-11	-1.53070946208e-09	-1.36317523752e-09	-1.95842237323e-09
-0.051	-9.70856539304e-10	7.64612580904e-11	-1.65334783222e-10	-9.10538280792e-10	-1.20935300944e-09	-9.92265578523e-10	1.78296748643e-10	9.11088722286e-10	1.66579420608e-09	1.04905370235e-09	1.44060407633e-10	-1.36152546208e-09	-1.19399123752e-09	-1.78923837323e-09
-0.0505	-8.11387539304e-10	2.3593025809e-10	-5.86578322219e-12	-7.51069280792e-10	-1.04988400944e-09	-8.32796578523e-10	3.37765748643e-10	1.07055772229e-09	1.82526320608e-09	1.20852270235e-09	3.03529407633e-10	-1.20205646208e-09	-1.03452223752e-09	-1.62976937323e-09
-0.05	-6.77681539304e-10	3.6963625809e-10	1.27840216778e-10	-6.17363280792e-10	-9.16178009437e-10	-6.99090578523e-10	4.71471748643e-10	1.20426372229e-09	1.95896920608e-09	1.34222870235e-09	4.37235407633e-10	-1.06835046208e-09	-9.00816237523e-10	-1.49606337323e-09
-0.0495	-5.41895539304e-10	5.0542225809e-10	2.63626216778e-10	-4.81577280792e-10	-7.80392009437e-10	-5.63304578523e-10	6.07257748643e-10	1.34004972229e-09	2.09475520608e-09	1.47801470235e-09	5.73021407633e-10	-9.32564462084e-10	-7.65030237523e-10	-1.36027737323e-09
-0.049	-4.05163539304e-10	6.4215425809e-10	4.00358216778e-10	-3.44845280792e-10	-6.43660009437e-10	-4.26572578523e-10	7.43989748643e-10	1.47678172229e-09	2.23148720608e-09	1.61474670235e-09	7.09753407633e-10	-7.95832462084e-10	-6.28298237523e-10	-1.22354537323e-09
-0.0485	-2.86240539304e-10	7.6107725809e-10	5.19281216778e-10	-2.25922280792e-10	-5.24737009437e-10	-3.07649578523e-10	8.62912748643e-10	1.59570472229e-09	2.35041020608e-09	1.73366970235e-09	8.28676407633e-10	-6.76909462084e-10	-5.09375237523e-10	-1.10462237323e-09
-0.048	-1.92344539304e-10	8.5497325809e-10	6.13177216778e-10	-1.32026280792e-10	-4.30841009437e-10	-2.13753578523e-10	9.56808748643e-10	1.68960072229e-09	2.44430620608e-09	1.82756570235e-09	9.22572407633e-10	-5.83013462084e-10	-4.15479237523e-10	-1.01072637323e-09
-0.0475	-9.72505393039e-11	9.5006725809e-10	7.08271216778e-10	-3.69322807915e-11	-3.35747009437e-10	-1.18659578523e-10	1.05190274864e-09	1.78469472229e-09	2.53940020608e-09	1.92265970235e-09	1.01766640763e-09	-4.87919462084e-10	-3.20385237523e-10	-9.15632373228e-10
-0.047	1.42074606961e-11	1.06152525809e-09	8.19729216778e-10	7.45257192085e-11	-2.24289009437e-10	-7.20157852348e-12	1.16336074864e-09	1.89615272229e-09	2.65085820608e-09	2.03411770235e-09	1.12912440763e-09	-3.76461462084e-10	-2.08927237523e-10	-8.04174373228e-10
-0.0465	1.21683460696e-10	1.16900125809e-09	9.27205216778e-10	1.82001719208e-10	-1.16813009437e-10	1.00274421477e-10	1.27083674864e-09	2.00362872229e-09	2.75833420608e-09	2.14159370235e-09	1.23660040763e-09	-2.68985462084e-10	-1.01451237523e-10	-6.96698373228e-10
-0.046	2.01310460696e-10	1.24862825809e-09	1.00683221678e-09	2.61628719208e-10	-3.7186009437e-11	1.79901421477e-10	1.35046374864e-09	2.08325572229e-09	2.83796120608e-09	2.22122070235e-09	1.31622740763e-09	-1.89358462084e-10	-2.18242375231e-11	-6.17071373228e-10
-0.0455	2.71399460696e-10	1.31871725809e-09	1.07692121678e-09	3.31717719208e-10	3.2902990563e-11	2.49990421477e-10	1.42055274864e-09	2.15334472229e-09	2.90805020608e-09	2.29130970235e-09	1.38631640763e-09	-1.19269462084e-10	4.82647624769e-11	-5.46982373228e-10
-0.045	3.34605460696e-10	1.38192325809e-09	1.14012721678e-09	3.94923719208e-10	9.6108990563e-11	3.13196421477e-10	1.48375874864e-09	2.21655072229e-09	2.97125620608e-09	2.35451570235e-09	1.44952240763e-09	-5.60634620844e-11	1.11470762477e-10	-4.83776373228e-10
-0.0445	3.60580460696e-10	1.40789825809e-09	1.16610221678e-09	4.20898719208e-10	1.22083990563e-10	3.39171421477e-10	1.50973374864e-09	2.24252572229e-09	2.99723120608e-09	2.38049070235e-09	1.47549740763e-09	-3.00884620844e-11	1.37445762477e-10	-4.57801373228e-10
-0.044	3.69800460696e-10	1.41711825809e-09	1.17532221678e-09	4.30118719208e-10	1.31303990563e-10	3.48391421477e-10	1.51895374864e-09	2.25174572229e-09	3.00645120608e-09	2.38971070235e-09	1.48471740763e-09	-2.08684620844e-11	1.46665762477e-10	-4.48581373228e-10
-0.0435	4.05550460696e-10	1.45286825809e-09	1.21107221678e-09	4.65868719208e-10	1.67053990563e-10	3.84141421477e-10	1.55470374864e-09	2.28749572229e-09	3.04220120608e-09	2.42546070235e-09	1.52046740763e-09	1.48815379156e-11	1.82415762477e-10	-4.12831373228e-10
-0.043	4.53730460696e-10	1.50104825809e-09	1.25925221678e-09	5.14048719208e-10	2.15233990563e-10	4.32321421477e-10	1.60288374864e-09	2.33567572229e-09	3.09038120608e-09	2.47364070235e-09	1.56864740763e-09	6.30615379156e-11	2.30595762477e-10	-3.64651373228e-10
-0.0425	4.93360460696e-10	1.54067825809e-09	1.29888221678e-09	5.53678719208e-10	2.54863990563e-10	4.71951421477e-10	1.64251374864e-09	2.37530572229e-09	3.13001120608e-09	2.51327070235e-09	1.60827740763e-09	1.02691537916e-10	2.70225762477e-10	-3.25021373228e-10
-0.042	5.30920460696e-10	1.57823825809e-09	1.33644221678e-09	5.91238719208e-10	2.92423990563e-10	5.09511421477e-10	1.68007374864e-09	2.41286572229e-09	3.16757120608e-09	2.55083070235e-09	1.64583740763e-09	1.40251537916e-10	3.07785762477e-10	-2.87461373228e-10
-0.0415	5.73930460696e-10	1.62124825809e-09	1.37945221678e-09	6.34248719208e-10	3.35433990563e-10	5.52521421477e-10	1.72308374864e-09	2.45587572229e-09	3.21058120608e-09	2.59384070235e-09	1.68884740763e-09	1.83261537916e-10	3.50795762477e-10	-2.44451373228e-10
-0.041	6.18850460696e-10	1.66616825809e-09	1.42437221678e-09	6.79168719208e-10	3.80353990563e-10	5.97441421477e-10	1.76800374864e-09	2.50079572229e-09	3.25550120608e-09	2.63876070235e-09	1.73376740763e-09	2.28181537916e-10	3.95715762477e-10	-1.99531373228e-10
-0.0405	6.50900460696e-10	1.69821825809e-09	1.45642221678e-09	7.11218719208e-10	4.12403990563e-10	6.29491421477e-10	1.80005374864e-09	2.53284572229e-09	3.28755120608e-09	2.67081070235e-09	1.76581740763e-09	2.60231537916e-10	4.27765762477e-10	-1.67481373228e-10
-0.04	6.65450460696e-10	1.71276825809e-09	1.47097221678e-09	7.25768719208e-10	4.26953990563e-10	6.44041421477e-10	1.81460374864e-09	2.54739572229e-09	3.30210120608e-09	2.68536070235e-09	1.78036740763e-09	2.74781537916e-10	4.42315762477e-10	-1.52931373228e-10
-0.0395	6.76450460696e-10	1.72376825809e-09	1.48197221678e-09	7.36768719208e-10	4.37953990563e-10	6.55041421477e-10	1.82560374864e-09	2.55839572229e-09	3.31310120608e-09	2.69636070235e-09	1.79136740763e-09	2.85781537916e-10	4.53315762477e-10	-1.41931373228e-10
-0.039	6.93300460696e-10	1.74061825809e-09	1.49882221678e-09	7.53618719208e-10	4.54803990563e-10	6.71891421477e-10	1.84245374864e-09	2.57524572229e-09	3.32995120608e-09	2.71321070235e-09	1.80821740763e-09	3.02631537916e-10	4.70165762477e-10	-1.25081373228e-10
-0.0385	7.12760460696e-10	1.76007825809e-09	1.51828221678e-09	7.73078719208e-10	4.74263990563e-10	6.91351421477e-10	1.86191374864e-09	2.59470572229e-09	3.34941120608e-09	2.73267070235e-09	1.82767740763e-09	3.22091537916e-10	4.89625762477e-10	-1.05621373228e-10
-0.038	7.35120460696e-10	1.78243825809e-09	1.54064221678e-09	7.95438719208e-10	4.96623990563e-10	7.13711421477e-10	1.88427374864e-09	2.61706572229e-09	3.37177120608e-09	2.75503070235e-09	1.85003740763e-09	3.44451537916e-10	5.11985762477e-10	-8.32613732282e-11
-0.0375	7.55170460696e-10	1.80248825809e-09	1.56069221678e-09	8.15488719208e-10	5.16673990563e-10	7.33761421477e-10	1.90432374864e-09	2.63711572229e-09	3.39182120608e-09	2.77508070235e-09	1.87008740763e-09	3.64501537916e-10	5.32035762477e-10	-6.32113732282e-11
-0.037	7.68220460696e-10	1.81553825809e-09	1.57374221678e-09	8.28538719208e-10	5.29723990563e-10	7.46811421477e-10	1.91737374864e-09	2.65016572229e-09	3.40487120608e-09	2.78813070235e-09	1.88313740763e-09	3.77551537916e-10	5.45085762477e-10	-5.01613732282e-11
-0.0365	7.76980460696e-10	1.82429825809e-09	1.58250221678e-09	8.37298719208e-10	5.38483990563e-10	7.55571421477e-10	1.92613374864e-09	2.65892572229e-09	3.41363120608e-09	2.79689070235e-09	1.89189740763e-09	3.86311537916e-10	5.53845762477e-10	-4.14013732282e-11
-0.036	7.85950460696e-10	1.83326825809e-09	1.59147221678e-09	8.46268719208e-10	5.47453990563e-10	7.64541421477e-10	1.93510374864e-09	2.66789572229e-09	3.42260120608e-09	2.80586070235e-09	1.90086740763e-09	3.95281537916e-10	5.62815762477e-10	-3.24313732282e-11
-0.0355	8.06000460696e-10	1.85331825809e-09	1.61152221678e-09	8.66318719208e-10	5.67503990563e-10	7.84591421477e-10	1.95515374864e-09	2.68794572229e-09	3.44265120608e-09	2.82591070235e-09	1.92091740763e-09	4.15331537916e-10	5.82865762477e-10	-1.23813732282e-11
-0.035	8.34650460696e-10	1.88196825809e-09	1.64017221678e-09	8.94968719208e-10	5.96153990563e-10	8.13241421477e-10	1.98380374864e-09	2.71659572229e-09	3.47130120608e-09	2.85456070235e-09	1.94956740763e-09	4.43981537916e-10	6.11515762477e-10	1.62686267718e-11
-0.0345	8.57180460696e-10	1.90449825809e-09	1.66270221678e-09	9.17498719208e-10	6.18683990563e-10	8.35771421477e-10	2.00633374864e-09	2.73912572229e-09	3.49383120608e-09	2.87709070235e-09	1.97209740763e-09	4.66511537916e-10	6.34045762477e-10	3.87986267718e-11
-0.034	8.64120460696e-10	1.91143825809e-09	1.66964221678e-09	9.24438719208e-10	6.25623990563e-10	8.42711421477e-10	2.01327374864e-09	2.74606572229e-09	3.50077120608e-09	2.88403070235e-09	1.97903740763e-09	4.73451537916e-10	6.40985762477e-10	4.57386267718e-11
-0.0335	8.68350460696e-10	1.91566825809e-09	1.67387221678e-09	9.28668719208e-10	6.29853990563e-10	8.46941421477e-10	2.01750374864e-09	2.75029572229e-09	3.50500120608e-09	2.88826070235e-09	1.98326740763e-09	4.77681537916e-10	6.45215762477e-10	4.99686267718e-11
-0.033	8.80290460696e-10	1.92760825809e-09	1.68581221678e-09	9.40608719208e-10	6.41793990563e-10	8.58881421477e-10	2.02944374864e-09	2.76223572229e-09	3.51694120608e-09	2.90020070235e-09	1.99520740763e-09	4.89621537916e-10	6.57155762477e-10	6.19086267718e-11
-0.0325	8.90090460696e-10	1.93740825809e-09	1.69561221678e-09	9.50408719208e-10	6.51593990563e-10	8.68681421477e-10	2.03924374864e-09	2.77203572229e-09	3.52674120608e-09	2.91000070235e-09	2.00500740763e-09	4.99421537916e-10	6.66955762477e-10	7.17086267718e-11
-0.032	8.97130460696e-10	1.94444825809e-09	1.70265221678e-09	9.57448719208e-10	6.58633990563e-10	8.75721421477e-10	2.04628374864e-09	2.77907572229e-09	3.53378120608e-09	2.91704070235e-09	2.01204740763e-09	5.06461537916e-10	6.73995762477e-10	7.87486267718e-11
-0.0315	9.02970460696e-10	1.95028825809e-09	1.70849221678e-09	9.63288719208e-10	6.64473990563e-10	8.81561421477e-10	2.05212374864e-09	2.78491572229e-09	3.53962120608e-09	2.92288070235e-09	2.01788740763e-09	5.12301537916e-10	6.79835762477e-10	8.45886267718e-11
-0.031	9.02420460696e-10	1.94973825809e-09	1.70794221678e-09	9.62738719208e-10	6.63923990563e-10	8.81011421477e-10	2.05157374864e-09	2.78436572229e-09	3.53907120608e-09	2.92233070235e-09	2.01733740763e-09	5.11751537916e-10	6.79285762477e-10	8.40386267718e-11
-0.0305	9.04980460696e-10	1.95229825809e-09	1.71050221678e-09	9.65298719208e-10	6.66483990563e-10	8.83571421477e-10	2.05413374864e-09	2.78692572229e-09	3.54163120608e-09	2.92489070235e-09	2.01989740763e-09	5.14311537916e-10	6.81845762477e-10	8.65986267718e-11
-0.03	9.09190460696e-10	1.95650825809e-09	1.71471221678e-09	9.69508719208e-10	6.70693990563e-10	8.87781421477e-10	2.05834374864e-09	2.79113572229e-09	3.54584120608e-09	2.92910070235e-09	2.02410740763e-09	5.18521537916e-10	6.86055762477e-10	9.08086267718e-11
-0.0295	9.08250460696e-10	1.95556825809e-09	1.71377221678e-09	9.68568719208e-10	6.69753990563e-10	8.86841421477e-10	2.05740374864e-09	2.79019572229e-09	3.54490120608e-09	2.92816070235e-09	2.02316740763e-09	5.17581537916e-10	6.85115762477e-10	8.98686267718e-11
-0.029	9.10000460696e-10	1.95731825809e-09	1.71552221678e-09	9.70318719208e-10	6.71503990563e-10	8.88591421477e-10	2.05915374864e-09	2.79194572229e-09	3.54665120608e-09	2.92991070235e-09	2.02491740763e-09	5.19331537916e-10	6.86865762477e-10	9.16186267718e-11
-0.0285	9.08070460696e-10	1.95538825809e-09	1.71359221678e-09	9.68388719208e-10	6.69573990563e-10	8.86661421477e-10	2.05722374864e-09	2.79001572229e-09	3.54472120608e-09	2.92798070235e-09	2.02298740763e-09	5.17401537916e-10	6.84935762477e-10	8.96886267718e-11
-0.028	9.05290460696e-10	1.95260825809e-09	1.71081221678e-09	9.65608719208e-10	6.66793990563e-10	8.83881421477e-10	2.05444374864e-09	2.78723572229e-09	3.54194120608e-09	2.92520070235e-09	2.02020740763e-09	5.14621537916e-10	6.82155762477e-10	8.69086267718e-11
-0.0275	9.09560460696e-10	1.95687825809e-09	1.71508221678e-09	9.69878719208e-10	6.71063990563e-10	8.88151421477e-10	2.05871374864e-09	2.79150572229e-09	3.54621120608e-09	2.92947070235e-09	2.02447740763e-09	5.18891537916e-10	6.86425762477e-10	9.11786267718e-11
-0.027	9.11350460696e-10	1.95866825809e-09	1.71687221678e-09	9.71668719208e-10	6.72853990563e-10	8.89941421477e-10	2.06050374864e-09	2.79329572229e-09	3.54800120608e-09	2.93126070235e-09	2.02626740763e-09	5.20681537916e-10	6.88215762477e-10	9.29686267718e-11
-0.0265	9.08410460696e-10	1.95572825809e-09	1.71393221678e-09	9.68728719208e-10	6.69913990563e-10	8.87001421477e-10	2.05756374864e-09	2.79035572229e-09	3.54506120608e-09	2.92832070235e-09	2.02332740763e-09	5.17741537916e-10	6.85275762477e-10	9.00286267718e-11
-0.026	8.95970460696e-10	1.94328825809e-09	1.70149221678e-09	9.56288719208e-10	6.57473990563e-10	8.74561421477e-10	2.04512374864e-09	2.77791572229e-09	3.53262120608e-09	2.91588070235e-09	2.01088740763e-09	5.05301537916e-10	6.72835762477e-10	7.75886267718e-11
-0.0255	8.55730460696e-10	1.90304825809e-09	1.66125221678e-09	9.16048719208e-10	6.17233990563e-10	8.34321421477e-10	2.00488374864e-09	2.73767572229e-09	3.49238120608e-09	2.87564070235e-09	1.97064740763e-09	4.65061537916e-10	6.32595762477e-10	3.73486267718e-11
-0.025	7.87970460696e-10	1.83528825809e-09	1.59349221678e-09	8.48288719208e-10	5.49473990563e-10	7.66561421477e-10	1.93712374864e-09	2.66991572229e-09	3.42462120608e-09	2.80788070235e-09	1.90288740763e-09	3.97301537916e-10	5.64835762477e-10	-3.04113732282e-11
-0.0245	7.12560460696e-10	1.75987825809e-09	1.51808221678e-09	7.72878719208e-10	4.74063990563e-10	6.91151421477e-10	1.86171374864e-09	2.59450572229e-09	3.34921120608e-09	2.73247070235e-09	1.82747740763e-09	3.21891537916e-10	4.89425762477e-10	-1.05821373228e-10
-0.024	6.53980460696e-10	1.70129825809e-09	1.45950221678e-09	7.14298719208e-10	4.15483990563e-10	6.32571421477e-10	1.80313374864e-09	2.53592572229e-09	3.29063120608e-09	2.67389070235e-09	1.76889740763e-09	2.63311537916e-10	4.30845762477e-10	-1.64401373228e-10
-0.0235	6.12870460696e-10	1.66018825809e-09	1.41839221678e-09	6.73188719208e-10	3.74373990563e-10	5.91461421477e-10	1.76202374864e-09	2.49481572229e-09	3.24952120608e-09	2.63278070235e-09	1.72778740763e-09	2.22201537916e-10	3.89735762477e-10	-2.05511373228e-10
-0.023	5.70030460696e-10	1.61734825809e-09	1.37555221678e-09	6.30348719208e-10	3.31533990563e-10	5.48621421477e-10	1.71918374864e-09	2.45197572229e-09	3.20668120608e-09	2.58994070235e-09	1.68494740763e-09	1.79361537916e-10	3.46895762477e-10	-2.48351373228e-10
-0.0225	5.30270460696e-10	1.57758825809e-09	1.33579221678e-09	5.90588719208e-10	2.91773990563e-10	5.08861421477e-10	1.67942374864e-09	2.41221572229e-09	3.16692120608e-09	2.55018070235e-09	1.64518740763e-09	1.39601537916e-10	3.07135762477e-10	-2.88111373228e-10
-0.022	4.92360460696e-10	1.53967825809e-09	1.29788221678e-09	5.52678719208e-10	2.53863990563e-10	4.70951421477e-10	1.64151374864e-09	2.37430572229e-09	3.12901120608e-09	2.51227070235e-09	1.60727740763e-09	1.01691537916e-10	2.69225762477e-10	-3.26021373228e-10
-0.0215	4.38270460696e-10	1.48558825809e-09	1.24379221678e-09	4.98588719208e-10	1.99773990563e-10	4.16861421477e-10	1.58742374864e-09	2.32021572229e-09	3.07492120608e-09	2.45818070235e-09	1.55318740763e-09	4.76015379156e-11	2.15135762477e-10	-3.80111373228e-10
-0.021	3.65540460696e-10	1.41285825809e-09	1.17106221678e-09	4.25858719208e-10	1.27043990563e-10	3.44131421477e-10	1.51469374864e-09	2.24748572229e-09	3.00219120608e-09	2.38545070235e-09	1.48045740763e-09	-2.51284620844e-11	1.42405762477e-10	-4.52841373228e-10
-0.0205	2.88362460696e-10	1.33568025809e-09	1.09388421678e-09	3.48680719208e-10	4.9865990563e-11	2.66953421477e-10	1.43751574864e-09	2.17030772229e-09	2.92501320608e-09	2.30827270235e-09	1.40327940763e-09	-1.02306462084e-10	6.52277624769e-11	-5.30019373228e-10
-0.02	2.19614460696e-10	1.26693225809e-09	1.02513621678e-09	2.79932719208e-10	-1.8882009437e-11	1.98205421477e-10	1.36876774864e-09	2.10155972229e-09	2.85626520608e-09	2.23952470235e-09	1.33453140763e-09	-1.71054462084e-10	-3.52023752314e-12	-5.98767373228e-10
-0.0195	1.62279460696e-10	1.20959725809e-09	9.67801216778e-10	2.22597719208e-10	-7.6217009437e-11	1.40870421477e-10	1.31143274864e-09	2.04422472229e-09	2.79893020608e-09	2.18218970235e-09	1.27719640763e-09	-2.28389462084e-10	-6.08552375231e-11	-6.56102373228e-10
-0.019	1.13750460696e-10	1.16106825809e-09	9.19272216778e-10	1.74068719208e-10	-1.24746009437e-10	9.23414214765e-11	1.26290374864e-09	1.99569572229e-09	2.75040120608e-09	2.13366070235e-09	1.22866740763e-09	-2.76918462084e-10	-1.09384237523e-10	-7.04631373228e-10
-0.0185	5.94024606961e-11	1.10672025809e-09	8.64924216778e-10	1.19720719208e-10	-1.79094009437e-10	3.79934214765e-11	1.20855574864e-09	1.94134772229e-09	2.69605320608e-09	2.07931270235e-09	1.17431940763e-09	-3.31266462084e-10	-1.63732237523e-10	-7.58979373228e-10
-0.018	-3.22453930392e-12	1.04409325809e-09	8.02297216778e-10	5.70937192085e-11	-2.41721009437e-10	-2.46335785235e-11	1.14592874864e-09	1.87872072229e-09	2.63342620608e-09	2.01668570235e-09	1.11169240763e-09	-3.93893462084e-10	-2.26359237523e-10	-8.21606373228e-10
-0.0175	-6.87235393039e-11	9.7859425809e-10	7.36798216778e-10	-8.40528079152e-12	-3.07220009437e-10	-9.01325785235e-11	1.08042974864e-09	1.81322172229e-09	2.56792720608e-09	1.95118670235e-09	1.04619340763e-09	-4.59392462084e-10	-2.91858237523e-10	-8.87105373228e-10
-0.017	-1.41793539304e-10	9.0552425809e-10	6.63728216778e-10	-8.14752807915e-11	-3.80290009437e-10	-1.63202578523e-10	1.00735974864e-09	1.74015172229e-09	2.49485720608e-09	1.87811670235e-09	9.73123407633e-10	-5.32462462084e-10	-3.64928237523e-10	-9.60175373228e-10
-0.0165	-2.20143539304e-10	8.2717425809e-10	5.85378216778e-10	-1.59825280792e-10	-4.58640009437e-10	-2.41552578523e-10	9.29009748643e-10	1.66180172229e-09	2.41650720608e-09	1.79976670235e-09	8.94773407633e-10	-6.10812462084e-10	-4.43278237523e-10	-1.03852537323e-09
-0.016	-2.87952539304e-10	7.5936525809e-10	5.17569216778e-10	-2.27634280792e-10	-5.26449009437e-10	-3.09361578523e-10	8.61200748643e-10	1.59399272229e-09	2.34869820608e-09	1.73195770235e-09	8.26964407633e-10	-6.78621462084e-10	-5.11087237523e-10	-1.10633437323e-09
-0.0155	-3.31573539304e-10	7.1574425809e-10	4.73948216778e-10	-2.71255280792e-10	-5.70070009437e-10	-3.52982578523e-10	8.17579748643e-10	1.55037172229e-09	2.30507720608e-09	1.68833670235e-09	7.83343407633e-10	-7.22242462084e-10	-5.54708237523e-10	-1.14995537323e-09
-0.015	-3.63039539304e-10	6.8427825809e-10	4.42482216778e-10	-3.02721280792e-10	-6.01536009437e-10	-3.84448578523e-10	7.86113748643e-10	1.51890572229e-09	2.27361120608e-09	1.65687070235e-09	7.51877407633e-10	-7.53708462084e-10	-5.86174237523e-10	-1.18142137323e-09
-0.0145	-3.88747539304e-10	6.5857025809e-10	4.16774216778e-10	-3.28429280792e-10	-6.27244009437e-10	-4.10156578523e-10	7.60405748643e-10	1.49319772229e-09	2.24790320608e-09	1.63116270235e-09	7.26169407633e-10	-7.79416462084e-10	-6.11882237523e-10	-1.20712937323e-09
-0.014	-4.06571539304e-10	6.4074625809e-10	3.98950216778e-10	-3.46253280792e-10	-6.45068009437e-10	-4.27980578523e-10	7.42581748643e-10	1.47537372229e-09	2.23007920608e-09	1.61333870235e-09	7.08345407633e-10	-7.97240462084e-10	-6.29706237523e-10	-1.22495337323e-09
-0.0135	-4.24513539304e-10	6.2280425809e-10	3.81008216778e-10	-3.64195280792e-10	-6.63010009437e-10	-4.45922578523e-10	7.24639748643e-10	1.45743172229e-09	2.21213720608e-09	1.59539670235e-09	6.90403407633e-10	-8.15182462084e-10	-6.47648237523e-10	-1.24289537323e-09
-0.013	-4.50448539304e-10	5.9686925809e-10	3.55073216778e-10	-3.90130280792e-10	-6.88945009437e-10	-4.71857578523e-10	6.98704748643e-10	1.43149672229e-09	2.18620220608e-09	1.56946170235e-09	6.64468407633e-10	-8.41117462084e-10	-6.73583237523e-10	-1.26883037323e-09
-0.0125	-4.88168539304e-10	5.5914925809e-10	3.17353216778e-10	-4.27850280792e-10	-7.26665009437e-10	-5.09577578523e-10	6.60984748643e-10	1.39377672229e-09	2.14848220608e-09	1.53174170235e-09	6.26748407633e-10	-8.78837462084e-10	-7.11303237523e-10	-1.30655037323e-09
-0.012	-5.22289539304e-10	5.2502825809e-10	2.83232216778e-10	-4.61971280792e-10	-7.60786009437e-10	-5.43698578523e-10	6.26863748643e-10	1.35965572229e-09	2.11436120608e-09	1.49762070235e-09	5.92627407633e-10	-9.12958462084e-10	-7.45424237523e-10	-1.34067137323e-09
-0.0115	-5.32550539304e-10	5.1476725809e-10	2.72971216778e-10	-4.72232280792e-10	-7.71047009437e-10	-5.53959578523e-10	6.16602748643e-10	1.34939472229e-09	2.10410020608e-09	1.48735970235e-09	5.82366407633e-10	-9.23219462084e-10	-7.55685237523e-10	-1.35093237323e-09
-0.011	-5.25952539304e-10	5.2136525809e-10	2.79569216778e-10	-4.65634280792e-10	-7.64449009437e-10	-5.47361578523e-10	6.23200748643e-10	1.35599272229e-09	2.11069820608e-09	1.49395770235e-09	5.88964407633e-10	-9.16621462084e-10	-7.49087237523e-10	-1.34433437323e-09
-0.0105	-5.10339539304e-10	5.3697825809e-10	2.95182216778e-10	-4.50021280792e-10	-7.48836009437e-10	-5.31748578523e-10	6.38813748643e-10	1.37160572229e-09	2.12631120608e-09	1.50957070235e-09	6.04577407633e-10	-9.01008462084e-10	-7.33474237523e-10	-1.32872137323e-09
-0.01	-4.84806539304e-10	5.6251125809e-10	3.20715216778e-10	-4.24488280792e-10	-7.23303009437e-10	-5.06215578523e-10	6.64346748643e-10	1.39713872229e-09	2.15184420608e-09	1.53510370235e-09	6.30110407633e-10	-8.75475462084e-10	-7.07941237523e-10	-1.30318837323e-09
-0.0095	-4.52051539304e-10	5.9526625809e-10	3.53470216778e-10	-3.91733280792e-10	-6.90548009437e-10	-4.73460578523e-10	6.97101748643e-10	1.42989372229e-09	2.18459920608e-09	1.56785870235e-09	6.62865407633e-10	-8.42720462084e-10	-6.75186237523e-10	-1.27043337323e-09
-0.009	-4.13063539304e-10	6.3425425809e-10	3.92458216778e-10	-3.52745280792e-10	-6.51560009437e-10	-4.34472578523e-10	7.36089748643e-10	1.46888172229e-09	2.22358720608e-09	1.60684670235e-09	7.01853407633e-10	-8.03732462084e-10	-6.36198237523e-10	-1.23144537323e-09
-0.0085	-3.82416539304e-10	6.6490125809e-10	4.23105216778e-10	-3.22098280792e-10	-6.20913009437e-10	-4.03825578523e-10	7.66736748643e-10	1.49952872229e-09	2.25423420608e-09	1.63749370235e-09	7.32500407633e-10	-7.73085462084e-10	-6.05551237523e-10	-1.20079837323e-09
-0.008	-3.72985539304e-10	6.7433225809e-10	4.32536216778e-10	-3.12667280792e-10	-6.11482009437e-10	-3.94394578523e-10	7.76167748643e-10	1.50895972229e-09	2.26366520608e-09	1.64692470235e-09	7.41931407633e-10	-7.63654462084e-10	-5.96120237523e-10	-1.19136737323e-09
-0.0075	-3.71927539304e-10	6.7539025809e-10	4.33594216778e-10	-3.11609280792e-10	-6.10424009437e-10	-3.93336578523e-10	7.77225748643e-10	1.51001772229e-09	2.26472320608e-09	1.64798270235e-09	7.42989407633e-10	-7.62596462084e-10	-5.95062237523e-10	-1.19030937323e-09
-0.007	-3.71066539304e-10	6.7625125809e-10	4.34455216778e-10	-3.10748280792e-10	-6.09563009437e-10	-3.92475578523e-10	7.78086748643e-10	1.51087872229e-09	2.26558420608e-09	1.64884370235e-09	7.43850407633e-10	-7.61735462084e-10	-5.94201237523e-10	-1.18944837323e-09
-0.0065	-3.79776539304e-10	6.6754125809e-10	4.25745216778e-10	-3.19458280792e-10	-6.18273009437e-10	-4.01185578523e-10	7.69376748643e-10	1.50216872229e-09	2.25687420608e-09	1.64013370235e-09	7.35140407633e-10	-7.70445462084e-10	-6.02911237523e-10	-1.19815837323e-09
-0.006	-4.00495539304e-10	6.4682225809e-10	4.05026216778e-10	-3.40177280792e-10	-6.38992009437e-10	-4.21904578523e-10	7.48657748643e-10	1.48144972229e-09	2.23615520608e-09	1.61941470235e-09	7.14421407633e-10	-7.91164462084e-10	-6.23630237523e-10	-1.21887737323e-09
-0.0055	-4.21526539304e-10	6.2579125809e-10	3.83995216778e-10	-3.61208280792e-10	-6.60023009437e-10	-4.42935578523e-10	7.27626748643e-10	1.46041872229e-09	2.21512420608e-09	1.59838370235e-09	6.93390407633e-10	-8.12195462084e-10	-6.44661237523e-10	-1.23990837323e-09
-0.005	-4.34953539304e-10	6.1236425809e-10	3.70568216778e-10	-3.74635280792e-10	-6.73450009437e-10	-4.56362578523e-10	7.14199748643e-10	1.44699172229e-09	2.20169720608e-09	1.58495670235e-09	6.79963407633e-10	-8.25622462084e-10	-6.58088237523e-10	-1.25333537323e-09
-0.0045	-4.49587539304e-10	5.9773025809e-10	3.55934216778e-10	-3.89269280792e-10	-6.88084009437e-10	-4.70996578523e-10	6.99565748643e-10	1.43235772229e-09	2.18706320608e-09	1.57032270235e-09	6.65329407633e-10	-8.40256462084e-10	-6.72722237523e-10	-1.26796937323e-09
-0.004	-4.75773539304e-10	5.7154425809e-10	3.29748216778e-10	-4.15455280792e-10	-7.14270009437e-10	-4.97182578523e-10	6.73379748643e-10	1.40617172229e-09	2.16087720608e-09	1.54413670235e-09	6.39143407633e-10	-8.66442462084e-10	-6.98908237523e-10	-1.29415537323e-09
-0.0035	-5.10531539304e-10	5.3678625809e-10	2.94990216778e-10	-4.50213280792e-10	-7.49028009437e-10	-5.31940578523e-10	6.38621748643e-10	1.37141372229e-09	2.12611920608e-09	1.50937870235e-09	6.04385407633e-10	-9.01200462084e-10	-7.33666237523e-10	-1.32891337323e-09
-0.003	-5.44061539304e-10	5.0325625809e-10	2.61460216778e-10	-4.83743280792e-10	-7.82558009437e-10	-5.65470578523e-10	6.05091748643e-10	1.33788372229e-09	2.09258920608e-09	1.47584870235e-09	5.70855407633e-10	-9.34730462084e-10	-7.67196237523e-10	-1.36244337323e-09
-0.0025	-5.84997539304e-10	4.6232025809e-10	2.20524216778e-10	-5.24679280792e-10	-8.23494009437e-10	-6.06406578523e-10	5.64155748643e-10	1.29694772229e-09	2.05165320608e-09	1.43491270235e-09	5.29919407633e-10	-9.75666462084e-10	-8.08132237523e-10	-1.40337937323e-09
-0.002	-6.31954539304e-10	4.1536325809e-10	1.73567216778e-10	-5.71636280792e-10	-8.70451009437e-10	-6.53363578523e-10	5.17198748643e-10	1.24999072229e-09	2.00469620608e-09	1.38795570235e-09	4.82962407633e-10	-1.02262346208e-09	-8.55089237523e-10	-1.45033637323e-09
-0.0015	-6.80464539304e-10	3.6685325809e-10	1.25057216778e-10	-6.20146280792e-10	-9.18961009437e-10	-7.01873578523e-10	4.68688748643e-10	1.20148072229e-09	1.95618620608e-09	1.33944570235e-09	4.34452407633e-10	-1.07113346208e-09	-9.03599237523e-10	-1.49884637323e-09
-0.001	-7.29308539304e-10	3.1800925809e-10	7.62132167778e-11	-6.68990280792e-10	-9.67805009437e-10	-7.50717578523e-10	4.19844748643e-10	1.15263672229e-09	1.90734220608e-09	1.29060170235e-09	3.85608407633e-10	-1.11997746208e-09	-9.52443237523e-10	-1.54769037323e-09
-0.0005	-7.76507539304e-10	2.7081025809e-10	2.90142167778e-11	-7.16189280792e-10	-1.01500400944e-09	-7.97916578523e-10	3.72645748643e-10	1.10543772229e-09	1.86014320608e-09	1.24340270235e-09	3.38409407633e-10	-1.16717646208e-09	-9.99642237523e-10	-1.59488937323e-09
0.0	-8.29810539304e-10	2.1750725809e-10	-2.42887832222e-11	-7.69492280792e-10	-1.06830700944e-09	-8.51219578523e-10	3.19342748643e-10	1.05213472229e-09	1.80684020608e-09	1.19009970235e-09	2.85106407633e-10	-1.22047946208e-09	-1.05294523752e-09	-1.64819237323e-09
0.0005	-8.90676539304e-10	1.5664125809e-10	-8.51547832222e-11	-8.30358280792e-10	-1.12917300944e-09	-9.12085578523e-10	2.58476748643e-10	9.91268722286e-10	1.74597420608e-09	1.12923370235e-09	2.24240407633e-10	-1.28134546208e-09	-1.11381123752e-09	-1.70905837323e-09
0.001	-9.52980539304e-10	9.43372580904e-11	-1.47458783222e-10	-8.92662280792e-10	-1.19147700944e-09	-9.74389578523e-10	1.96172748643e-10	9.28964722286e-10	1.68367020608e-09	1.06692970235e-09	1.61936407633e-10	-1.34364946208e-09	-1.17611523752e-09	-1.77136237323e-09
0.0015	-1.0115255393e-09	3.57922580904e-11	-2.06003783222e-10	-9.51207280792e-10	-1.25002200944e-09	-1.03293457852e-09	1.37627748643e-10	8.70419722286e-10	1.62512520608e-09	1.00838470235e-09	1.03391407633e-10	-1.40219446208e-09	-1.23466023752e-09	-1.82990737323e-09
0.002	-1.0690605393e-09	-2.17427419096e-11	-2.63538783222e-10	-1.00874228079e-09	-1.30755700944e-09	-1.09046957852e-09	8.00927486428e-11	8.12884722286e-10	1.56759020608e-09	9.50849702345e-10	4.5856407633e-11	-1.45972946208e-09	-1.29219523752e-09	-1.88744237323e-09
0.0025	-1.1356995393e-09	-8.83817419096e-11	-3.30177783222e-10	-1.07538128079e-09	-1.37419600944e-09	-1.15710857852e-09	1.34537486428e-11	7.46245722286e-10	1.50095120608e-09	8.84210702345e-10	-2.0782592367e-11	-1.52636846208e-09	-1.35883423752e-09	-1.95408137323e-09
0.003	-1.2098915393e-09	-1.6257374191e-10	-4.04369783222e-10	-1.14957328079e-09	-1.44838800944e-09	-1.23130057852e-09	-6.07382513572e-11	6.72053722286e-10	1.42675920608e-09	8.10018702345e-10	-9.4974592367e-11	-1.60056046208e-09	-1.43302623752e-09	-2.02827337323e-09
0.0035	-1.2878125393e-09	-2.4049474191e-10	-4.82290783222e-10	-1.22749428079e-09	-1.52630900944e-09	-1.30922157852e-09	-1.38659251357e-10	5.94132722286e-10	1.34883820608e-09	7.32097702345e-10	-1.72895592367e-10	-1.67848146208e-09	-1.51094723752e-09	-2.10619437323e-09
0.004	-1.3726815393e-09	-3.2536374191e-10	-5.67159783222e-10	-1.31236328079e-09	-1.61117800944e-09	-1.39409057852e-09	-2.23528251357e-10	5.09263722286e-10	1.26396920608e-09	6.47228702345e-10	-2.57764592367e-10	-1.76335046208e-09	-1.59581623752e-09	-2.19106337323e-09
0.0045	-1.4633215393e-09	-4.1600374191e-10	-6.57799783222e-10	-1.40300328079e-09	-1.70181800944e-09	-1.48473057852e-09	-3.14168251357e-10	4.18623722286e-10	1.17332920608e-09	5.56588702345e-10	-3.48404592367e-10	-1.85399046208e-09	-1.68645623752e-09	-2.28170337323e-09
0.005	-1.5498255393e-09	-5.0250774191e-10	-7.44303783222e-10	-1.48950728079e-09	-1.78832200944e-09	-1.57123457852e-09	-4.00672251357e-10	3.32119722286e-10	1.08682520608e-09	4.70084702345e-10	-4.34908592367e-10	-1.94049446208e-09	-1.77296023752e-09	-2.36820737323e-09
0.0055	-1.6164645393e-09	-5.6914674191e-10	-8.10942783222e-10	-1.55614628079e-09	-1.85496100944e-09	-1.63787357852e-09	-4.67311251357e-10	2.65480722286e-10	1.02018620608e-09	4.03445702345e-10	-5.01547592367e-10	-2.00713346208e-09	-1.83959923752e-09	-2.43484637323e-09
0.006	-1.6639895393e-09	-6.1667174191e-10	-8.58467783222e-10	-1.60367128079e-09	-1.90248600944e-09	-1.68539857852e-09	-5.14836251357e-10	2.17955722286e-10	9.72661206079e-10	3.55920702345e-10	-5.49072592367e-10	-2.05465846208e-09	-1.88712423752e-09	-2.48237137323e-09
0.0065	-1.7044095393e-09	-6.5709174191e-10	-8.98887783222e-10	-1.64409128079e-09	-1.94290600944e-09	-1.72581857852e-09	-5.55256251357e-10	1.77535722286e-10	9.32241206079e-10	3.15500702345e-10	-5.89492592367e-10	-2.09507846208e-09	-1.92754423752e-09	-2.52279137323e-09
0.007	-1.7447995393e-09	-6.9748174191e-10	-9.39277783222e-10	-1.68448128079e-09	-1.98329600944e-09	-1.76620857852e-09	-5.95646251357e-10	1.37145722286e-10	8.91851206079e-10	2.75110702345e-10	-6.29882592367e-10	-2.13546846208e-09	-1.96793423752e-09	-2.56318137323e-09
0.0075	-1.7934395393e-09	-7.4612174191e-10	-9.87917783222e-10	-1.73312128079e-09	-2.03193600944e-09	-1.81484857852e-09	-6.44286251357e-10	8.85057222862e-11	8.43211206079e-10	2.26470702345e-10	-6.78522592367e-10	-2.18410846208e-09	-2.01657423752e-09	-2.61182137323e-09
0.008	-1.8554395393e-09	-8.0812174191e-10	-1.04991778322e-09	-1.79512128079e-09	-2.09393600944e-09	-1.87684857852e-09	-7.06286251357e-10	2.65057222862e-11	7.81211206079e-10	1.64470702345e-10	-7.40522592367e-10	-2.24610846208e-09	-2.07857423752e-09	-2.67382137323e-09
0.0085	-1.9290195393e-09	-8.8170174191e-10	-1.12349778322e-09	-1.86870128079e-09	-2.16751600944e-09	-1.95042857852e-09	-7.79866251357e-10	-4.70742777138e-11	7.07631206079e-10	9.08907023452e-11	-8.14102592367e-10	-2.31968846208e-09	-2.15215423752e-09	-2.74740137323e-09
0.009	-2.0043995393e-09	-9.5708174191e-10	-1.19887778322e-09	-1.94408128079e-09	-2.24289600944e-09	-2.02580857852e-09	-8.55246251357e-10	-1.22454277714e-10	6.32251206079e-10	1.55107023452e-11	-8.89482592367e-10	-2.39506846208e-09	-2.22753423752e-09	-2.82278137323e-09
0.0095	-2.0540495393e-09	-1.00673174191e-09	-1.24852778322e-09	-1.99373128079e-09	-2.29254600944e-09	-2.07545857852e-09	-9.04896251357e-10	-1.72104277714e-10	5.82601206079e-10	-3.41392976548e-11	-9.39132592367e-10	-2.44471846208e-09	-2.27718423752e-09	-2.87243137323e-09
0.01	-2.0757795393e-09	-1.02846174191e-09	-1.27025778322e-09	-2.01546128079e-09	-2.31427600944e-09	-2.09718857852e-09	-9.26626251357e-10	-1.93834277714e-10	5.60871206079e-10	-5.58692976548e-11	-9.60862592367e-10	-2.46644846208e-09	-2.29891423752e-09	-2.89416137323e-09
0.0105	-2.0931795393e-09	-1.04586174191e-09	-1.28765778322e-09	-2.03286128079e-09	-2.33167600944e-09	-2.11458857852e-09	-9.44026251357e-10	-2.11234277714e-10	5.43471206079e-10	-7.32692976548e-11	-9.78262592367e-10	-2.48384846208e-09	-2.31631423752e-09	-2.91156137323e-09
0.011	-2.1039895393e-09	-1.05667174191e-09	-1.29846778322e-09	-2.04367128079e-09	-2.34248600944e-09	-2.12539857852e-09	-9.54836251357e-10	-2.22044277714e-10	5.32661206079e-10	-8.40792976548e-11	-9.89072592367e-10	-2.49465846208e-09	-2.32712423752e-09	-2.92237137323e-09
0.0115	-2.1002095393e-09	-1.05289174191e-09	-1.29468778322e-09	-2.03989128079e-09	-2.33870600944e-09	-2.12161857852e-09	-9.51056251357e-10	-2.18264277714e-10	5.36441206079e-10	-8.02992976548e-11	-9.85292592367e-10	-2.49087846208e-09	-2.32334423752e-09	-2.91859137323e-09
0.012	-2.0901395393e-09	-1.04282174191e-09	-1.28461778322e-09	-2.02982128079e-09	-2.32863600944e-09	-2.11154857852e-09	-9.40986251357e-10	-2.08194277714e-10	5.46511206079e-10	-7.02292976548e-11	-9.75222592367e-10	-2.48080846208e-09	-2.31327423752e-09	-2.90852137323e-09
0.0125	-2.0673995393e-09	-1.02008174191e-09	-1.26187778322e-09	-2.00708128079e-09	-2.30589600944e-09	-2.08880857852e-09	-9.18246251357e-10	-1.85454277714e-10	5.69251206079e-10	-4.74892976548e-11	-9.52482592367e-10	-2.45806846208e-09	-2.29053423752e-09	-2.88578137323e-09
0.013	-2.0190595393e-09	-9.7174174191e-10	-1.21353778322e-09	-1.95874128079e-09	-2.25755600944e-09	-2.04046857852e-09	-8.69906251357e-10	-1.37114277714e-10	6.17591206079e-10	8.50702345155e-13	-9.04142592367e-10	-2.40972846208e-09	-2.24219423752e-09	-2.83744137323e-09
0.0135	-1.9553395393e-09	-9.0802174191e-10	-1.14981778322e-09	-1.89502128079e-09	-2.19383600944e-09	-1.97674857852e-09	-8.06186251357e-10	-7.33942777138e-11	6.81311206079e-10	6.45707023452e-11	-8.40422592367e-10	-2.34600846208e-09	-2.17847423752e-09	-2.77372137323e-09
0.014	-1.9134695393e-09	-8.6615174191e-10	-1.10794778322e-09	-1.85315128079e-09	-2.15196600944e-09	-1.93487857852e-09	-7.64316251357e-10	-3.15242777138e-11	7.23181206079e-10	1.06440702345e-10	-7.98552592367e-10	-2.30413846208e-09	-2.13660423752e-09	-2.73185137323e-09
0.0145	-1.9017095393e-09	-8.5439174191e-10	-1.09618778322e-09	-1.84139128079e-09	-2.14020600944e-09	-1.92311857852e-09	-7.52556251357e-10	-1.97642777138e-11	7.34941206079e-10	1.18200702345e-10	-7.86792592367e-10	-2.29237846208e-09	-2.12484423752e-09	-2.72009137323e-09
0.015	-1.8945295393e-09	-8.4721174191e-10	-1.08900778322e-09	-1.83421128079e-09	-2.13302600944e-09	-1.91593857852e-09	-7.45376251357e-10	-1.25842777138e-11	7.42121206079e-10	1.25380702345e-10	-7.79612592367e-10	-2.28519846208e-09	-2.11766423752e-09	-2.71291137323e-09
0.0155	-1.8865995393e-09	-8.3928174191e-10	-1.08107778322e-09	-1.82628128079e-09	-2.12509600944e-09	-1.90800857852e-09	-7.37446251357e-10	-4.65427771384e-12	7.50051206079e-10	1.33310702345e-10	-7.71682592367e-10	-2.27726846208e-09	-2.10973423752e-09	-2.70498137323e-09
0.016	-1.8914995393e-09	-8.4418174191e-10	-1.08597778322e-09	-1.83118128079e-09	-2.12999600944e-09	-1.91290857852e-09	-7.42346251357e-10	-9.55427771384e-12	7.45151206079e-10	1.28410702345e-10	-7.76582592367e-10	-2.28216846208e-09	-2.11463423752e-09	-2.70988137323e-09
0.0165	-1.9050195393e-09	-8.5770174191e-10	-1.09949778322e-09	-1.84470128079e-09	-2.14351600944e-09	-1.92642857852e-09	-7.55866251357e-10	-2.30742777138e-11	7.31631206079e-10	1.14890702345e-10	-7.90102592367e-10	-2.29568846208e-09	-2.12815423752e-09	-2.72340137323e-09
0.017	-1.9004495393e-09	-8.5313174191e-10	-1.09492778322e-09	-1.84013128079e-09	-2.13894600944e-09	-1.92185857852e-09	-7.51296251357e-10	-1.85042777138e-11	7.36201206079e-10	1.19460702345e-10	-7.85532592367e-10	-2.29111846208e-09	-2.12358423752e-09	-2.71883137323e-09
0.0175	-1.8686495393e-09	-8.2133174191e-10	-1.06312778322e-09	-1.80833128079e-09	-2.10714600944e-09	-1.89005857852e-09	-7.19496251357e-10	1.32957222862e-11	7.68001206079e-10	1.51260702345e-10	-7.53732592367e-10	-2.25931846208e-09	-2.09178423752e-09	-2.68703137323e-09
0.018	-1.8315095393e-09	-7.8419174191e-10	-1.02598778322e-09	-1.77119128079e-09	-2.07000600944e-09	-1.85291857852e-09	-6.82356251357e-10	5.04357222862e-11	8.05141206079e-10	1.88400702345e-10	-7.16592592367e-10	-2.22217846208e-09	-2.05464423752e-09	-2.64989137323e-09
0.0185	-1.8116195393e-09	-7.6430174191e-10	-1.00609778322e-09	-1.75130128079e-09	-2.05011600944e-09	-1.83302857852e-09	-6.62466251357e-10	7.03257222862e-11	8.25031206079e-10	2.08290702345e-10	-6.96702592367e-10	-2.20228846208e-09	-2.03475423752e-09	-2.63000137323e-09
0.019	-1.8013695393e-09	-7.5405174191e-10	-9.95847783222e-10	-1.74105128079e-09	-2.03986600944e-09	-1.82277857852e-09	-6.52216251357e-10	8.05757222862e-11	8.35281206079e-10	2.18540702345e-10	-6.86452592367e-10	-2.19203846208e-09	-2.02450423752e-09	-2.61975137323e-09
0.0195	-1.7923195393e-09	-7.4500174191e-10	-9.86797783222e-10	-1.73200128079e-09	-2.03081600944e-09	-1.81372857852e-09	-6.43166251357e-10	8.96257222862e-11	8.44331206079e-10	2.27590702345e-10	-6.77402592367e-10	-2.18298846208e-09	-2.01545423752e-09	-2.61070137323e-09
0.02	-1.7883495393e-09	-7.4103174191e-10	-9.82827783222e-10	-1.72803128079e-09	-2.02684600944e-09	-1.80975857852e-09	-6.39196251357e-10	9.35957222862e-11	8.48301206079e-10	2.31560702345e-10	-6.73432592367e-10	-2.17901846208e-09	-2.01148423752e-09	-2.60673137323e-09
0.0205	-1.7866995393e-09	-7.3938174191e-10	-9.81177783222e-10	-1.72638128079e-09	-2.02519600944e-09	-1.80810857852e-09	-6.37546251357e-10	9.52457222862e-11	8.49951206079e-10	2.33210702345e-10	-6.71782592367e-10	-2.17736846208e-09	-2.00983423752e-09	-2.60508137323e-09
0.021	-1.7724095393e-09	-7.2509174191e-10	-9.66887783222e-10	-1.71209128079e-09	-2.01090600944e-09	-1.79381857852e-09	-6.23256251357e-10	1.09535722286e-10	8.64241206079e-10	2.47500702345e-10	-6.57492592367e-10	-2.16307846208e-09	-1.99554423752e-09	-2.59079137323e-09
0.0215	-1.7411095393e-09	-6.9379174191e-10	-9.35587783222e-10	-1.68079128079e-09	-1.97960600944e-09	-1.76251857852e-09	-5.91956251357e-10	1.40835722286e-10	8.95541206079e-10	2.78800702345e-10	-6.26192592367e-10	-2.13177846208e-09	-1.96424423752e-09	-2.55949137323e-09
0.022	-1.7025495393e-09	-6.5523174191e-10	-8.97027783222e-10	-1.64223128079e-09	-1.94104600944e-09	-1.72395857852e-09	-5.53396251357e-10	1.79395722286e-10	9.34101206079e-10	3.17360702345e-10	-5.87632592367e-10	-2.09321846208e-09	-1.92568423752e-09	-2.52093137323e-09
0.0225	-1.6692695393e-09	-6.2195174191e-10	-8.63747783222e-10	-1.60895128079e-09	-1.90776600944e-09	-1.69067857852e-09	-5.20116251357e-10	2.12675722286e-10	9.67381206079e-10	3.50640702345e-10	-5.54352592367e-10	-2.05993846208e-09	-1.89240423752e-09	-2.48765137323e-09
0.023	-1.6457615393e-09	-5.9844374191e-10	-8.40239783222e-10	-1.58544328079e-09	-1.88425800944e-09	-1.66717057852e-09	-4.96608251357e-10	2.36183722286e-10	9.90889206079e-10	3.74148702345e-10	-5.30844592367e-10	-2.03643046208e-09	-1.86889623752e-09	-2.46414337323e-09
0.0235	-1.6290485393e-09	-5.8173074191e-10	-8.23526783222e-10	-1.56873028079e-09	-1.86754500944e-09	-1.65045757852e-09	-4.79895251357e-10	2.52896722286e-10	1.00760220608e-09	3.90861702345e-10	-5.14131592367e-10	-2.01971746208e-09	-1.85218323752e-09	-2.44743037323e-09
0.024	-1.6240525393e-09	-5.7673474191e-10	-8.18530783222e-10	-1.56373428079e-09	-1.86254900944e-09	-1.64546157852e-09	-4.74899251357e-10	2.57892722286e-10	1.01259820608e-09	3.95857702345e-10	-5.09135592367e-10	-2.01472146208e-09	-1.84718723752e-09	-2.44243437323e-09
0.0245	-1.6157935393e-09	-5.6847574191e-10	-8.10271783222e-10	-1.55547528079e-09	-1.85429000944e-09	-1.63720257852e-09	-4.66640251357e-10	2.66151722286e-10	1.02085720608e-09	4.04116702345e-10	-5.00876592367e-10	-2.00646246208e-09	-1.83892823752e-09	-2.43417537323e-09
0.025	-1.5815115393e-09	-5.3419374191e-10	-7.75989783222e-10	-1.52119328079e-09	-1.82000800944e-09	-1.60292057852e-09	-4.32358251357e-10	3.00433722286e-10	1.05513920608e-09	4.38398702345e-10	-4.66594592367e-10	-1.97218046208e-09	-1.80464623752e-09	-2.39989337323e-09
0.0255	-1.5339845393e-09	-4.8666674191e-10	-7.28462783222e-10	-1.47366628079e-09	-1.77248100944e-09	-1.55539357852e-09	-3.84831251357e-10	3.47960722286e-10	1.10266620608e-09	4.85925702345e-10	-4.19067592367e-10	-1.92465346208e-09	-1.75711923752e-09	-2.35236637323e-09
0.026	-1.5003585393e-09	-4.5304074191e-10	-6.94836783222e-10	-1.44004028079e-09	-1.73885500944e-09	-1.52176757852e-09	-3.51205251357e-10	3.81586722286e-10	1.13629220608e-09	5.19551702345e-10	-3.85441592367e-10	-1.89102746208e-09	-1.72349323752e-09	-2.31874037323e-09
0.0265	-1.4809755393e-09	-4.3365774191e-10	-6.75453783222e-10	-1.42065728079e-09	-1.71947200944e-09	-1.50238457852e-09	-3.31822251357e-10	4.00969722286e-10	1.15567520608e-09	5.38934702345e-10	-3.66058592367e-10	-1.87164446208e-09	-1.70411023752e-09	-2.29935737323e-09
0.027	-1.4619085393e-09	-4.1459074191e-10	-6.56386783222e-10	-1.40159028079e-09	-1.70040500944e-09	-1.48331757852e-09	-3.12755251357e-10	4.20036722286e-10	1.17474220608e-09	5.58001702345e-10	-3.46991592367e-10	-1.85257746208e-09	-1.68504323752e-09	-2.28029037323e-09
0.0275	-1.4449475393e-09	-3.9762974191e-10	-6.39425783222e-10	-1.38462928079e-09	-1.68344400944e-09	-1.46635657852e-09	-2.95794251357e-10	4.36997722286e-10	1.19170320608e-09	5.74962702345e-10	-3.30030592367e-10	-1.83561646208e-09	-1.66808223752e-09	-2.26332937323e-09
0.028	-1.4532265393e-09	-4.0590874191e-10	-6.47704783222e-10	-1.39290828079e-09	-1.69172300944e-09	-1.47463557852e-09	-3.04073251357e-10	4.28718722286e-10	1.18342420608e-09	5.66683702345e-10	-3.38309592367e-10	-1.84389546208e-09	-1.67636123752e-09	-2.27160837323e-09
0.0285	-1.4841715393e-09	-4.3685374191e-10	-6.78649783222e-10	-1.42385328079e-09	-1.72266800944e-09	-1.50558057852e-09	-3.35018251357e-10	3.97773722286e-10	1.15247920608e-09	5.35738702345e-10	-3.69254592367e-10	-1.87484046208e-09	-1.70730623752e-09	-2.30255337323e-09
0.029	-1.4926565393e-09	-4.4533874191e-10	-6.87134783222e-10	-1.43233828079e-09	-1.73115300944e-09	-1.51406557852e-09	-3.43503251357e-10	3.89288722286e-10	1.14399420608e-09	5.27253702345e-10	-3.77739592367e-10	-1.88332546208e-09	-1.71579123752e-09	-2.31103837323e-09
0.0295	-1.4648255393e-09	-4.1750774191e-10	-6.59303783222e-10	-1.40450728079e-09	-1.70332200944e-09	-1.48623457852e-09	-3.15672251357e-10	4.17119722286e-10	1.17182520608e-09	5.55084702345e-10	-3.49908592367e-10	-1.85549446208e-09	-1.68796023752e-09	-2.28320737323e-09
0.03	-1.4277935393e-09	-3.8047574191e-10	-6.22271783222e-10	-1.36747528079e-09	-1.66629000944e-09	-1.44920257852e-09	-2.78640251357e-10	4.54151722286e-10	1.20885720608e-09	5.92116702345e-10	-3.12876592367e-10	-1.81846246208e-09	-1.65092823752e-09	-2.24617537323e-09
0.0305	-1.3974525393e-09	-3.5013474191e-10	-5.91930783222e-10	-1.33713428079e-09	-1.63594900944e-09	-1.41886157852e-09	-2.48299251357e-10	4.84492722286e-10	1.23919820608e-09	6.22457702345e-10	-2.82535592367e-10	-1.78812146208e-09	-1.62058723752e-09	-2.21583437323e-09
0.031	-1.3745955393e-09	-3.2727774191e-10	-5.69073783222e-10	-1.31427728079e-09	-1.61309200944e-09	-1.39600457852e-09	-2.25442251357e-10	5.07349722286e-10	1.26205520608e-09	6.45314702345e-10	-2.59678592367e-10	-1.76526446208e-09	-1.59773023752e-09	-2.19297737323e-09
0.0315	-1.3620845393e-09	-3.1476674191e-10	-5.56562783222e-10	-1.30176628079e-09	-1.60058100944e-09	-1.38349357852e-09	-2.12931251357e-10	5.19860722286e-10	1.27456620608e-09	6.57825702345e-10	-2.47167592367e-10	-1.75275346208e-09	-1.58521923752e-09	-2.18046637323e-09
0.032	-1.3619495393e-09	-3.1463174191e-10	-5.56427783222e-10	-1.30163128079e-09	-1.60044600944e-09	-1.38335857852e-09	-2.12796251357e-10	5.19995722286e-10	1.27470120608e-09	6.57960702345e-10	-2.47032592367e-10	-1.75261846208e-09	-1.58508423752e-09	-2.18033137323e-09
0.0325	-1.3602415393e-09	-3.1292374191e-10	-5.54719783222e-10	-1.29992328079e-09	-1.59873800944e-09	-1.38165057852e-09	-2.11088251357e-10	5.21703722286e-10	1.27640920608e-09	6.59668702345e-10	-2.45324592367e-10	-1.75091046208e-09	-1.58337623752e-09	-2.17862337323e-09
0.033	-1.3446995393e-09	-2.9738174191e-10	-5.39177783222e-10	-1.28438128079e-09	-1.58319600944e-09	-1.36610857852e-09	-1.95546251357e-10	5.37245722286e-10	1.29195120608e-09	6.75210702345e-10	-2.29782592367e-10	-1.73536846208e-09	-1.56783423752e-09	-2.16308137323e-09
0.0335	-1.3208515393e-09	-2.7353374191e-10	-5.15329783222e-10	-1.26053328079e-09	-1.55934800944e-09	-1.34226057852e-09	-1.71698251357e-10	5.61093722286e-10	1.31579920608e-09	6.99058702345e-10	-2.05934592367e-10	-1.71152046208e-09	-1.54398623752e-09	-2.13923337323e-09
0.034	-1.2916565393e-09	-2.4433874191e-10	-4.86134783222e-10	-1.23133828079e-09	-1.53015300944e-09	-1.31306557852e-09	-1.42503251357e-10	5.90288722286e-10	1.34499420608e-09	7.28253702345e-10	-1.76739592367e-10	-1.68232546208e-09	-1.51479123752e-09	-2.11003837323e-09
0.0345	-1.2608825393e-09	-2.1356474191e-10	-4.55360783222e-10	-1.20056428079e-09	-1.49937900944e-09	-1.28229157852e-09	-1.11729251357e-10	6.21062722286e-10	1.37576820608e-09	7.59027702345e-10	-1.45965592367e-10	-1.65155146208e-09	-1.48401723752e-09	-2.07926437323e-09
0.035	-1.2285285393e-09	-1.8121074191e-10	-4.23006783222e-10	-1.16821028079e-09	-1.46702500944e-09	-1.24993757852e-09	-7.93752513572e-11	6.53416722286e-10	1.40812220608e-09	7.91381702345e-10	-1.13611592367e-10	-1.61919746208e-09	-1.45166323752e-09	-2.04691037323e-09
0.0355	-1.1961975393e-09	-1.4887974191e-10	-3.90675783222e-10	-1.13587928079e-09	-1.43469400944e-09	-1.21760657852e-09	-4.70442513572e-11	6.85747722286e-10	1.44045320608e-09	8.23712702345e-10	-8.1280592367e-11	-1.58686646208e-09	-1.41933223752e-09	-2.01457937323e-09
0.036	-1.1691275393e-09	-1.2180974191e-10	-3.63605783222e-10	-1.10880928079e-09	-1.40762400944e-09	-1.19053657852e-09	-1.99742513572e-11	7.12817722286e-10	1.46752320608e-09	8.50782702345e-10	-5.4210592367e-11	-1.55979646208e-09	-1.39226223752e-09	-1.98750937323e-09
0.0365	-1.1448895393e-09	-9.75717419096e-11	-3.39367783222e-10	-1.08457128079e-09	-1.38338600944e-09	-1.16629857852e-09	4.26374864283e-12	7.37055722286e-10	1.49176120608e-09	8.75020702345e-10	-2.9972592367e-11	-1.53555846208e-09	-1.36802423752e-09	-1.96327137323e-09
0.037	-1.1094525393e-09	-6.21347419096e-11	-3.03930783222e-10	-1.04913428079e-09	-1.34794900944e-09	-1.13086157852e-09	3.97007486428e-11	7.72492722286e-10	1.52719820608e-09	9.10457702345e-10	5.46440763302e-12	-1.50012146208e-09	-1.33258723752e-09	-1.92783437323e-09
0.0375	-1.0484685393e-09	-1.15074190964e-12	-2.42946783222e-10	-9.88150280792e-10	-1.28696500944e-09	-1.06987757852e-09	1.00684748643e-10	8.33476722286e-10	1.58818220608e-09	9.71441702345e-10	6.6448407633e-11	-1.43913746208e-09	-1.27160323752e-09	-1.86685037323e-09
0.038	-9.72448539304e-10	7.48692580904e-11	-1.66926783222e-10	-9.12130280792e-10	-1.21094500944e-09	-9.93857578523e-10	1.76704748643e-10	9.09496722286e-10	1.66420220608e-09	1.04746170235e-09	1.42468407633e-10	-1.36311746208e-09	-1.19558323752e-09	-1.79083037323e-09
0.0385	-9.00347539304e-10	1.4697025809e-10	-9.48257832222e-11	-8.40029280792e-10	-1.13884400944e-09	-9.21756578523e-10	2.48805748643e-10	9.81597722286e-10	1.73630320608e-09	1.11956270235e-09	2.14569407633e-10	-1.29101646208e-09	-1.12348223752e-09	-1.71872937323e-09
0.039	-8.31227539304e-10	2.1609025809e-10	-2.57057832222e-11	-7.70909280792e-10	-1.06972400944e-09	-8.52636578523e-10	3.17925748643e-10	1.05071772229e-09	1.80542320608e-09	1.18868270235e-09	2.83689407633e-10	-1.22189646208e-09	-1.05436223752e-09	-1.64960937323e-09
0.0395	-7.61598539304e-10	2.8571925809e-10	4.39232167778e-11	-7.01280280792e-10	-1.00009500944e-09	-7.83007578523e-10	3.87554748643e-10	1.12034672229e-09	1.87505220608e-09	1.25831170235e-09	3.53318407633e-10	-1.15226746208e-09	-9.84733237523e-10	-1.57998037323e-09
0.04	-7.02185539304e-10	3.4513225809e-10	1.03336216778e-10	-6.41867280792e-10	-9.40682009437e-10	-7.23594578523e-10	4.46967748643e-10	1.17975972229e-09	1.93446520608e-09	1.31772470235e-09	4.12731407633e-10	-1.09285446208e-09	-9.25320237523e-10	-1.52056737323e-09
0.0405	-6.61092539304e-10	3.8622525809e-10	1.44429216778e-10	-6.00774280792e-10	-8.99589009437e-10	-6.82501578523e-10	4.88060748643e-10	1.22085272229e-09	1.97555820608e-09	1.35881770235e-09	4.53824407633e-10	-1.05176146208e-09	-8.84227237523e-10	-1.47947437323e-09
0.041	-6.28443539304e-10	4.1887425809e-10	1.77078216778e-10	-5.68125280792e-10	-8.66940009437e-10	-6.49852578523e-10	5.20709748643e-10	1.25350172229e-09	2.00820720608e-09	1.39146670235e-09	4.86473407633e-10	-1.01911246208e-09	-8.51578237523e-10	-1.44682537323e-09
0.0415	-5.70370539304e-10	4.7694725809e-10	2.35151216778e-10	-5.10052280792e-10	-8.08867009437e-10	-5.91779578523e-10	5.78782748643e-10	1.31157472229e-09	2.06628020608e-09	1.44953970235e-09	5.44546407633e-10	-9.61039462084e-10	-7.93505237523e-10	-1.38875237323e-09
0.042	-4.91696539304e-10	5.5562125809e-10	3.13825216778e-10	-4.31378280792e-10	-7.30193009437e-10	-5.13105578523e-10	6.57456748643e-10	1.39024872229e-09	2.14495420608e-09	1.52821370235e-09	6.23220407633e-10	-8.82365462084e-10	-7.14831237523e-10	-1.31007837323e-09
0.0425	-4.26136539304e-10	6.2118125809e-10	3.79385216778e-10	-3.65818280792e-10	-6.64633009437e-10	-4.47545578523e-10	7.23016748643e-10	1.45580872229e-09	2.21051420608e-09	1.59377370235e-09	6.88780407633e-10	-8.16805462084e-10	-6.49271237523e-10	-1.24451837323e-09
0.043	-3.64877539304e-10	6.8244025809e-10	4.40644216778e-10	-3.04559280792e-10	-6.03374009437e-10	-3.86286578523e-10	7.84275748643e-10	1.51706772229e-09	2.27177320608e-09	1.65503270235e-09	7.50039407633e-10	-7.55546462084e-10	-5.88012237523e-10	-1.18325937323e-09
0.0435	-2.81480539304e-10	7.6583725809e-10	5.24041216778e-10	-2.21162280792e-10	-5.19977009437e-10	-3.02889578523e-10	8.67672748643e-10	1.60046472229e-09	2.35517020608e-09	1.73842970235e-09	8.33436407633e-10	-6.72149462084e-10	-5.04615237523e-10	-1.09986237323e-09
0.044	-1.77891539304e-10	8.6942625809e-10	6.27630216778e-10	-1.17573280792e-10	-4.16388009437e-10	-1.99300578523e-10	9.71261748643e-10	1.70405372229e-09	2.45875920608e-09	1.84201870235e-09	9.37025407633e-10	-5.68560462084e-10	-4.01026237523e-10	-9.96273373228e-10
0.0445	-7.27235393039e-11	9.7459425809e-10	7.32798216778e-10	-1.24052807915e-11	-3.11220009437e-10	-9.41325785235e-11	1.07642974864e-09	1.80922172229e-09	2.56392720608e-09	1.94718670235e-09	1.04219340763e-09	-4.63392462084e-10	-2.95858237523e-10	-8.91105373228e-10
0.045	3.38184606961e-11	1.08113625809e-09	8.39340216778e-10	9.41367192085e-11	-2.04678009437e-10	1.24094214765e-11	1.18297174864e-09	1.91576372229e-09	2.67046920608e-09	2.05372870235e-09	1.14873540763e-09	-3.56850462084e-10	-1.89316237523e-10	-7.84563373228e-10
0.0455	1.30161460696e-10	1.17747925809e-09	9.35683216778e-10	1.90479719208e-10	-1.08335009437e-10	1.08752421477e-10	1.27931474864e-09	2.01210672229e-09	2.76681220608e-09	2.15007170235e-09	1.24507840763e-09	-2.60507462084e-10	-9.29732375231e-11	-6.88220373228e-10
0.046	2.07288460696e-10	1.25460625809e-09	1.01281021678e-09	2.67606719208e-10	-3.1208009437e-11	1.85879421477e-10	1.35644174864e-09	2.08923372229e-09	2.84393920608e-09	2.22719870235e-09	1.32220540763e-09	-1.83380462084e-10	-1.58462375231e-11	-6.11093373228e-10
0.0465	2.69053460696e-10	1.31637125809e-09	1.07457521678e-09	3.29371719208e-10	3.0556990563e-11	2.47644421477e-10	1.41820674864e-09	2.15099872229e-09	2.90570420608e-09	2.28896370235e-09	1.38397040763e-09	-1.21615462084e-10	4.59187624769e-11	-5.49328373228e-10
0.047	3.14231460696e-10	1.36154925809e-09	1.11975321678e-09	3.74549719208e-10	7.5734990563e-11	2.92822421477e-10	1.46338474864e-09	2.19617672229e-09	2.95088220608e-09	2.33414170235e-09	1.42914840763e-09	-7.64374620844e-11	9.10967624769e-11	-5.04150373228e-10
0.0475	3.62190460696e-10	1.40950825809e-09	1.16771221678e-09	4.22508719208e-10	1.23693990563e-10	3.40781421477e-10	1.51134374864e-09	2.24413572229e-09	2.99884120608e-09	2.38210070235e-09	1.47710740763e-09	-2.84784620844e-11	1.39055762477e-10	-4.56191373228e-10
0.048	4.22850460696e-10	1.47016825809e-09	1.22837221678e-09	4.83168719208e-10	1.84353990563e-10	4.01441421477e-10	1.57200374864e-09	2.30479572229e-09	3.05950120608e-09	2.44276070235e-09	1.53776740763e-09	3.21815379156e-11	1.99715762477e-10	-3.95531373228e-10
0.0485	4.78800460696e-10	1.52611825809e-09	1.28432221678e-09	5.39118719208e-10	2.40303990563e-10	4.57391421477e-10	1.62795374864e-09	2.36074572229e-09	3.11545120608e-09	2.49871070235e-09	1.59371740763e-09	8.81315379156e-11	2.55665762477e-10	-3.39581373228e-10
0.049	5.19640460696e-10	1.56695825809e-09	1.32516221678e-09	5.79958719208e-10	2.81143990563e-10	4.98231421477e-10	1.66879374864e-09	2.40158572229e-09	3.15629120608e-09	2.53955070235e-09	1.63455740763e-09	1.28971537916e-10	2.96505762477e-10	-2.98741373228e-10
0.0495	5.56230460696e-10	1.60354825809e-09	1.36175221678e-09	6.16548719208e-10	3.17733990563e-10	5.34821421477e-10	1.70538374864e-09	2.43817572229e-09	3.19288120608e-09	2.57614070235e-09	1.67114740763e-09	1.65561537916e-10	3.33095762477e-10	-2.62151373228e-10
0.05	6.00250460696e-10	1.64756825809e-09	1.40577221678e-09	6.60568719208e-10	3.61753990563e-10	5.78841421477e-10	1.74940374864e-09	2.48219572229e-09	3.23690120608e-09	2.62016070235e-09	1.71516740763e-09	2.09581537916e-10	3.77115762477e-10	-2.18131373228e-10
0.0505	6.40500460696e-10	1.68781825809e-09	1.44602221678e-09	7.00818719208e-10	4.02003990563e-10	6.19091421477e-10	1.78965374864e-09	2.52244572229e-09	3.27715120608e-09	2.66041070235e-09	1.75541740763e-09	2.49831537916e-10	4.17365762477e-10	-1.77881373228e-10
0.051	6.55850460696e-10	1.70316825809e-09	1.46137221678e-09	7.16168719208e-10	4.17353990563e-10	6.34441421477e-10	1.80500374864e-09	2.53779572229e-09	3.29250120608e-09	2.67576070235e-09	1.77076740763e-09	2.65181537916e-10	4.32715762477e-10	-1.62531373228e-10
0.0515	6.60980460696e-10	1.70829825809e-09	1.46650221678e-09	7.21298719208e-10	4.22483990563e-10	6.39571421477e-10	1.81013374864e-09	2.54292572229e-09	3.29763120608e-09	2.68089070235e-09	1.77589740763e-09	2.70311537916e-10	4.37845762477e-10	-1.57401373228e-10
0.052	6.71990460696e-10	1.71930825809e-09	1.47751221678e-09	7.32308719208e-10	4.33493990563e-10	6.50581421477e-10	1.82114374864e-09	2.55393572229e-09	3.30864120608e-09	2.69190070235e-09	1.78690740763e-09	2.81321537916e-10	4.48855762477e-10	-1.46391373228e-10
0.0525	6.66380460696e-10	1.71369825809e-09	1.47190221678e-09	7.26698719208e-10	4.27883990563e-10	6.44971421477e-10	1.81553374864e-09	2.54832572229e-09	3.30303120608e-09	2.68629070235e-09	1.78129740763e-09	2.75711537916e-10	4.43245762477e-10	-1.52001373228e-10
0.053	6.46190460696e-10	1.69350825809e-09	1.45171221678e-09	7.06508719208e-10	4.07693990563e-10	6.24781421477e-10	1.79534374864e-09	2.52813572229e-09	3.28284120608e-09	2.66610070235e-09	1.76110740763e-09	2.55521537916e-10	4.23055762477e-10	-1.72191373228e-10
0.0535	6.23830460696e-10	1.67114825809e-09	1.42935221678e-09	6.84148719208e-10	3.85333990563e-10	6.02421421477e-10	1.77298374864e-09	2.50577572229e-09	3.26048120608e-09	2.64374070235e-09	1.73874740763e-09	2.33161537916e-10	4.00695762477e-10	-1.94551373228e-10
0.054	5.88730460696e-10	1.63604825809e-09	1.39425221678e-09	6.49048719208e-10	3.50233990563e-10	5.67321421477e-10	1.73788374864e-09	2.47067572229e-09	3.22538120608e-09	2.60864070235e-09	1.70364740763e-09	1.98061537916e-10	3.65595762477e-10	-2.29651373228e-10
0.0545	5.52220460696e-10	1.59953825809e-09	1.35774221678e-09	6.12538719208e-10	3.13723990563e-10	5.30811421477e-10	1.70137374864e-09	2.43416572229e-09	3.18887120608e-09	2.57213070235e-09	1.66713740763e-09	1.61551537916e-10	3.29085762477e-10	-2.66161373228e-10
0.055	5.11850460696e-10	1.55916825809e-09	1.31737221678e-09	5.72168719208e-10	2.73353990563e-10	4.90441421477e-10	1.66100374864e-09	2.39379572229e-09	3.14850120608e-09	2.53176070235e-09	1.62676740763e-09	1.21181537916e-10	2.88715762477e-10	-3.06531373228e-10
0.0555	4.32260460696e-10	1.47957825809e-09	1.23778221678e-09	4.92578719208e-10	1.93763990563e-10	4.10851421477e-10	1.58141374864e-09	2.31420572229e-09	3.06891120608e-09	2.45217070235e-09	1.54717740763e-09	4.15915379156e-11	2.09125762477e-10	-3.86121373228e-10
0.056	3.17558460696e-10	1.36487625809e-09	1.12308021678e-09	3.77876719208e-10	7.9061990563e-11	2.96149421477e-10	1.46671174864e-09	2.19950372229e-09	2.95420920608e-09	2.33746870235e-09	1.43247540763e-09	-7.31104620844e-11	9.44237624769e-11	-5.00823373228e-10
0.0565	1.83088460696e-10	1.23040625809e-09	9.88610216778e-10	2.43406719208e-10	-5.5408009437e-11	1.61679421477e-10	1.33224174864e-09	2.06503372229e-09	2.81973920608e-09	2.20299870235e-09	1.29800540763e-09	-2.07580462084e-10	-4.00462375231e-11	-6.35293373228e-10
0.057	3.00364606961e-11	1.07735425809e-09	8.35558216778e-10	9.03547192085e-11	-2.08460009437e-10	8.62742147652e-12	1.17918974864e-09	1.91198172229e-09	2.66668720608e-09	2.04994670235e-09	1.14495340763e-09	-3.60632462084e-10	-1.93098237523e-10	-7.88345373228e-10
0.0575	-1.20118539304e-10	9.2719925809e-10	6.85403216778e-10	-5.98002807915e-11	-3.58615009437e-10	-1.41527578523e-10	1.02903474864e-09	1.76182672229e-09	2.51653220608e-09	1.89979170235e-09	9.94798407633e-10	-5.10787462084e-10	-3.43253237523e-10	-9.38500373228e-10
0.058	-2.69478539304e-10	7.7783925809e-10	5.36043216778e-10	-2.09160280792e-10	-5.07975009437e-10	-2.90887578523e-10	8.79674748643e-10	1.61246672229e-09	2.36717220608e-09	1.75043170235e-09	8.45438407633e-10	-6.60147462084e-10	-4.92613237523e-10	-1.08786037323e-09
0.0585	-4.28425539304e-10	6.1889225809e-10	3.77096216778e-10	-3.68107280792e-10	-6.66922009437e-10	-4.49834578523e-10	7.20727748643e-10	1.45351972229e-09	2.20822520608e-09	1.59148470235e-09	6.86491407633e-10	-8.19094462084e-10	-6.51560237523e-10	-1.24680737323e-09
0.059	-5.80457539304e-10	4.6686025809e-10	2.25064216778e-10	-5.20139280792e-10	-8.18954009437e-10	-6.01866578523e-10	5.68695748643e-10	1.30148772229e-09	2.05619320608e-09	1.43945270235e-09	5.34459407633e-10	-9.71126462084e-10	-8.03592237523e-10	-1.39883937323e-09
0.0595	-7.44347539304e-10	3.0297025809e-10	6.11742167778e-11	-6.84029280792e-10	-9.82844009437e-10	-7.65756578523e-10	4.04805748643e-10	1.13759772229e-09	1.89230320608e-09	1.27556270235e-09	3.70569407633e-10	-1.13501646208e-09	-9.67482237523e-10	-1.56272937323e-09
0.06	-9.93536539304e-10	5.37812580904e-11	-1.88014783222e-10	-9.33218280792e-10	-1.23203300944e-09	-1.01494557852e-09	1.55616748643e-10	8.88408722286e-10	1.64311420608e-09	1.02637370235e-09	1.21380407633e-10	-1.38420546208e-09	-1.21667123752e-09	-1.81191837323e-09
